Sample	1.0	2.0	3.0	4.0	5.0	6.0	7.0	8.0	9.0	>10	>50	>100	>500	>1k	>5k	>10k+
SRR13060060_1										5.084695216509603	0.7783609686269832	9.644518668734344	4.795419300966241	18.16175593462961	0.0	55.67517595133007
SRR13060060_2										7.562924967195515	3.8619825838005486	14.615889299773352	8.016223309077896	10.932840271979005	0.0	37.853393773112245
SRR13060061_1										4.17104412477776	1.4819379343785357	2.798205915629546	3.3770405689348637	10.519031840956846	16.99531275254566	56.44496524971715
SRR13060061_2										6.8217633748181665	2.994181347987716	7.529901406174236	3.6154436722159367	13.41825602068854	22.602836592855986	31.832875383869403
SRR13060062_1										4.57323336072309	2.2314092029580936	13.92769104354971	10.84634346754314	12.084018077239113	48.19227608874281	0.0
SRR13060062_2										7.685394412489729	2.9580936729663105	21.916084634346756	5.721035332785538	11.159613804437141	33.99496713229252	0.0
SRR13060065_1										4.0429326908032674	0.9731827142723033	7.888725474856839	15.286165785273962	42.657320774791124	19.25086835435116	0.0
SRR13060065_2										7.797978533654598	3.1542385079951183	11.928528960791063	14.694746065024876	42.63228713583878	0.0	0.0
SRR13060066_1										4.196389891696751	1.5682310469314078	7.731407942238268	4.92418772563177	30.13140794223827	0.0	45.03971119133574
SRR13060066_2										6.821660649819494	4.71913357400722	12.791335740072201	9.253429602888087	16.531407942238268	0.0	33.123465703971114
SRR13060067_1										3.8378992551445523	1.3760888776669613	3.651054159828304	2.4062618356268146	26.34515843959096	55.982830450700675	0.0
SRR13060067_2										8.718596136851406	4.03736901906325	9.380128771619745	4.305011993435173	38.99507637924505	13.841686655725288	0.0
SRR13060068_1										4.519483193493591	2.1053173418438256	7.595099603644412	1.6008647758274566	28.246769959334944	14.104081947804604	35.75950996036445
SRR13060068_2										9.015802748751737	3.8683275853194012	11.27811808308025	1.9251557111236939	27.129767848870127	0.0	29.060071035157254
SRR13060069_1										4.090065405692063	2.2383772317482764	8.16908255258971	3.723263213717518	3.5067173413470036	0.0	74.68401979847977
SRR13060069_2										6.385893583171293	4.03261445996111	8.279565140533853	2.9410464910730068	10.422927346650168	0.0	54.973926109245184
SRR13060070_1										5.255130338325014	1.199389905712701	4.356165649842855	1.340358661490109	15.321686078757626	0.0	67.98622665927158
SRR13060070_2										7.039193936032538	2.5697910889258644	7.575337400628582	4.608060639674616	12.705675725642449	20.41504899242004	33.38648548715105
SRR13060071_1										4.400186816119563	1.4077929009874566	1.5579129970643182	1.984921270349613	34.397518014411524	0.0	52.14171337069655
SRR13060071_2										10.274886575927408	3.2626100880704563	5.791299706431812	0.0	20.956765412329865	40.87603416066186	0.0
SRR13060072_1										5.475219379557533	1.6314423433444567	8.643348576607753	12.565401886870184	27.444073662093682	0.0	37.37280105466979
SRR13060072_2										8.83285955588514	3.6501462530383555	10.802125818811025	8.464137107073704	24.275944465043466	0.0	25.19672063609772
SRR13060073_1										5.688085736065647	2.3676068337742704	9.826913591318775	4.587238240437649	19.156091655082733	14.501591856867405	37.64853594009237
SRR13060073_2										9.046679521097708	3.497601004439263	9.562351464059908	11.90529572664903	8.075871037173222	11.331330433612843	27.51894533877405
SRR13060074_1										4.566283463300908	2.283141731650454	8.821046707934721	1.0591687434681245	7.88045662834633	19.57954819519254	51.64402283141732
SRR13060074_2										8.057319720234746	3.131280649569901	10.272127984564676	4.909960607765897	12.267867191896455	12.7984564675617	33.77683093496262
SRR13060076_1										4.4056116170317505	2.6285995569776026	5.951267536303225	9.168102387398475	15.013536795471328	55.85035687915334	0.0
SRR13060076_2										11.479202559684962	5.446714250553778	13.662318483878908	6.970219049963082	28.190991877922716	0.0	0.0
SRR13060077_1										5.103643216080402	3.0339195979899496	4.528894472361809	0.0	4.789572864321609	27.798366834170857	50.775753768844226
SRR13060077_2										8.234924623115578	6.331658291457286	12.98680904522613	4.233668341708543	12.69786432160804	0.0	35.53706030150754
SRR13060078_1										5.088836605549245	2.2919032938503974	8.153496673697875	3.0869706311861105	13.753447996105791	14.443047217264319	48.11374330683108
SRR13060078_2										7.490264481583645	3.131591757261074	12.06595813727081	4.212639948077236	23.967629401265615	0.0	32.68294661690735
SRR13060079_1										4.927048260381594	3.0549943883277217	4.383838383838383	1.876543209876543	14.123456790123456	35.84287317620651	29.5959595959596
SRR13060079_2										7.849607182940516	3.22334455667789	8.965207631874298	7.694725028058362	20.895622895622896	15.214365881032549	22.78114478114478
SRR13060080_1										5.742628950215205	2.4650723870462863	4.078532464842222	3.164775473565493	23.274334246323107	0.0	55.68623840541349
SRR13060080_2										8.536837986512303	4.628627983520151	12.00773356042995	9.570281032062052	7.029254033650194	36.778143485165835	0.0
SRR13060081_1										5.012171275789138	2.0252204796679836	9.379863522087872	8.934913603894808	39.339159583383214	26.647112813759527	0.0
SRR13060081_2										8.565784747994734	3.4797877010255793	13.260704736821102	9.828804022506883	43.52727562951434	0.0	0.0
SRR13060082_1										4.697751962998817	2.9310530278584492	9.911799505216736	8.755512530923953	7.54813380660428	25.400666881789824	34.20996020221577
SRR13060082_2										10.274819834355169	4.584812305044638	13.364526191244488	6.520920727116273	24.755297407765948	14.733247284070131	0.0
SRR13060083_1										5.748490634191651	2.3324216935858404	12.113628154187522	7.977707828061304	40.57226895092626	22.529542288043757	0.0
SRR13060083_2										8.68465865111719	3.619897827545281	17.875019350843697	16.814593116259868	11.18736776923474	24.913566231487692	0.0
SRR13060084_1										5.0835042484617645	2.4758277175505423	11.163199531204219	15.699775368688348	22.502197480222677	0.0	35.51372204316828
SRR13060084_2										7.9182537357163785	3.191229612266823	19.679656216427386	13.866100205098153	11.800468795780839	23.28840707100303	0.0
SRR13060085_1										2.999873689528862	3.2619679171403306	10.840596185423772	6.653404067197171	21.611721611721613	47.0222306429203	0.0
SRR13060085_2										9.444865479348238	3.7419477074649485	13.458380699760012	6.590248831628141	42.68030819754958	0.0	0.0
SRR13060087_1										4.98478022647023	2.593449409472787	5.895531474491659	5.846828199196396	10.269085596006331	35.27578229635943	28.881042250091323
SRR13060087_2										8.98088396444661	3.8572994033848778	12.263484719347376	8.345306221843419	8.065262388895652	40.72324363813466	0.0
SRR13060088_1										5.0542848107937175	2.6114683250764203	9.344365974491408	9.903025192368505	14.04817118161695	20.630863286602718	31.767155054284814
SRR13060088_2										7.13081058290292	2.7564034995256668	11.990091704437651	16.543691367133974	26.098872140824287	18.23811531569516	0.0
SRR13060089_1										4.887896491603707	2.7528828801272445	12.387972960572599	5.3803566512709144	0.0	68.3234943260025	0.0
SRR13060089_2										9.038632123084453	3.9519163123604444	17.168812895726916	3.3156944911754813	43.14990976661671	0.0	0.0
SRR13060090_1										5.947687153717304	1.945625563716016	8.540136580337586	5.865223553665764	15.503156809689472	16.24790619765494	39.695915474809944
SRR13060090_2										7.80827212988017	3.1233088519520678	12.127303182579565	8.72310269295194	24.09225615255766	0.0	29.527122793454453
SRR13060091_1										4.126569517001191	1.2120795527449364	2.483732013564293	1.7230318027678488	21.824305746494364	0.0	65.39730547154248
SRR13060091_2										5.480707542846668	2.270644303913482	9.451470992576299	5.269911098891027	13.25955457794886	0.0	53.21922830171386
SRR13060188_1										3.6915002762212925	2.4268013574303526	9.16068187199116	4.072291058322152	14.375345276615894	0.0	62.24252229500434
SRR13060188_2										5.731591823849735	3.421198011206692	6.149869781390577	7.3021071738615735	27.061794649198955	0.0	38.680846026359404
SRR13060189_1										5.031696647874804	1.5976981917705677	13.139488643009193	1.7380523521018036	36.377459121850805	33.87447659594376	0.0
SRR13060189_2										8.795527380757445	3.7872230929378463	10.196729748064282	7.611873961964022	37.46052539240684	14.34653442185782	0.0
SRR13060190_1										3.8110409901354085	1.2805587892898718	2.9716316402181238	10.379265976349489	27.100055143679924	47.748299736535756	0.0
SRR13060190_2										9.88909993260217	3.143189755529686	5.967771582623613	13.020035537038172	46.455486796152194	0.0	0.0
SRR13060191_1										5.296745373324825	2.8079132099553283	11.108578721852494	0.0	0.0	74.71966450907101	0.0
SRR13060191_2										9.24879205032364	4.216428115598505	8.583280153158903	0.0	29.948035372413162	28.999908833986687	0.0
SRR13060192_1										4.502348018345606	2.1232663950152575	10.943410016993441	2.5471887733659804	19.83116194931204	0.0	55.045955378515174
SRR13060192_2										7.899208800043854	2.6623056261077713	10.621813729968753	6.729767756317723	12.142087086812726	11.891753613390101	34.37973943391744
SRR13060193_1										3.651120912388757	2.609807657175666	10.504475820132056	1.6546180546493723	16.073805360544927	0.0	60.709345721220345
SRR13060193_2										7.52668528329462	2.7063705404911658	8.928151995197954	9.781559099094398	6.046924341676019	13.461387895712084	39.828274656157845
SRR13060195_1										4.82936657851656	1.4649708265121941	3.169206229274231	1.1816311967426436	27.92889224698821	17.25223523485707	39.312848927507034
SRR13060195_2										7.851655962725097	2.806111740754733	7.599798514041053	2.312890903748478	23.057549427024306	14.632917768543004	29.055954329849303
SRR13060196_1										4.5073086844368015	2.6638005159071367	11.466895958727429	5.174548581255374	14.185726569217541	10.417884780739467	45.90025795356836
SRR13060196_2										7.267411865864144	3.183147033533964	10.605331040412725	9.975924333619949	17.293207222699913	0.0	38.010318142734306
SRR13060197_1										4.533944702983849	1.3482069531891596	4.595537914043253	5.926635641938133	8.434848070079386	0.0	71.86558992608815
SRR13060197_2										7.897618395839036	2.778538187790857	9.834382699151382	4.085683000273748	23.521762934574323	0.0	37.87298111141528
SRR13060198_1										5.218108400159244	2.084399704259796	15.179434681226184	10.925325598589547	12.628675425126543	0.0	46.98856850366832
SRR13060198_2										8.07882613888415	3.3981686856622875	11.070352044588523	14.602172553034181	11.715861912074162	0.0	34.482170278109535
SRR13060199_1										5.027133400918362	3.5631224282902973	11.470570695927009	11.255888842507007	20.138350527759556	0.0	40.76868030293995
SRR13060199_2										10.94877452442006	5.283558948058918	14.968095891227861	12.633430735285348	0.0	21.035839942751505	0.0
SRR13060200_1										4.95342113716672	2.462790448656173	11.63507870221651	6.4032551665060495	22.978905664418033	0.0	44.56579933611736
SRR13060200_2										9.195845379590963	4.454438376699861	12.30752757254524	9.356462147981583	13.296926865831459	0.0	29.45497376592783
SRR13060201_1										5.266064367917651	3.3509310596187407	10.848004241125665	14.534691082591506	23.222371937885182	33.40990921340373	0.0
SRR13060201_2										9.248746438117116	4.981113737271101	16.772326655033023	13.288860418369374	17.178767864637408	13.80795652846193	0.0
SRR13060202_1										5.822600051283063	2.2840687193041282	8.86408015937198	7.31769857393637	25.633641689185193	15.657113552535554	26.306238781830015
SRR13060202_2										9.132330026233259	3.2485847847097578	10.95287875500503	9.402552318586165	13.820785419830766	13.962800055227914	22.818990512633384
SRR13060203_1										5.952548648703037	1.6843418590143482	10.647374881774093	2.4812347815587708	49.12563137665265	0.0	20.656832954339645
SRR13060203_2										8.099732356669954	3.6564506067252935	13.643772764775722	6.606564304831666	30.871551325136338	18.578069345783106	0.0
SRR13060204_1										6.356011620279261	1.965607721862993	10.170087152094462	12.030268953237746	43.2503982757005	16.4183300534158	0.0
SRR13060204_2										11.810045918845468	3.900759066629182	12.451972636116578	9.361821759910036	27.588792053228378	0.0	0.0
SRR13060206_1										5.830284734835887	1.9186983550359435	13.008774847143698	4.082990099516488	21.96014223950472	14.259766174627133	30.837319962137688
SRR13060206_2										9.7188467343754	3.1927140627798103	15.00422113638108	5.702371511166825	22.48970298549464	25.078666632556473	0.0
SRR13060207_1										5.288313966235475	1.401008550756413	10.243367682525761	7.529050646787986	17.597018197763646	13.461960096470072	36.972155229116424
SRR13060207_2										8.59679894759921	3.845647884235913	8.570488927866696	9.458452093839071	12.317474238105678	11.725498794124094	28.552948914711685
SRR13060208_1										4.812304585089235	2.7013380459479928	12.18418037403142	3.6024313984425063	26.415240906530986	10.249936884625095	32.179131144039
SRR13060208_2										8.525430641058009	3.0275959839201447	14.343697201561378	3.617967490726895	27.980502204183093	0.0	25.56463985396073
SRR13060209_1										5.099282669716187	1.743944276951866	12.3089718265932	4.971930554111654	33.186921717434245	0.0	34.35648196278199
SRR13060209_2										8.750909657968604	2.8797172263229025	14.632498180684061	8.873063728038257	19.339328412516892	25.956440378417717	0.0
SRR13060210_1										5.172508666703351	2.0910141418588015	8.074249344265302	3.3199435059337112	28.46713989618298	10.706359250903356	35.442689704506684
SRR13060210_2										9.372879179735506	3.615253397897981	9.633338836002128	4.7928245198921475	28.64689374346558	0.0	26.788825913901576
SRR13060211_1										5.973062239951958	1.4927293784583708	11.926821944837645	6.371981297988246	12.617423754986486	29.670141122978595	23.935143482177327
SRR13060211_2										9.612662463003474	4.609016428602067	12.949856303350064	3.0433663621155578	15.07527988675846	31.14142324025222	0.0
SRR13060212_1										5.544303797468355	2.126582278481013	13.189873417721518	7.245569620253164	29.460759493670885	0.0	34.8
SRR13060212_2										10.683544303797468	3.6151898734177212	12.924050632911394	11.410126582278481	9.858227848101265	19.425316455696205	0.0
SRR13060213_1										5.2524349035976945	1.7243092824488173	10.539654144305308	3.657324587557146	25.019876764062808	12.80063605645001	33.04760484993043
SRR13060213_2										9.386801828662293	4.375372689326178	9.766944941363546	6.415225601272113	23.84963227986484	0.0	28.24239713774597
SRR13060214_1										5.089522074521078	1.5627223819418747	9.293786114827359	6.8230337878227205	37.454100367197064	0.0	31.043807463493778
SRR13060214_2										10.958982095585096	4.366513905098062	14.55125103185221	10.122114371922233	10.216048504170107	21.243346332299108	0.0
SRR13060215_1										5.28882343315333	1.1127475045000819	11.104565537555228	5.930289641629847	29.749631811487482	0.0	39.27998690885289
SRR13060215_2										10.23400425462281	3.420062182948781	12.086401570937653	11.602029127802323	8.774341351660938	26.961217476681394	0.0
SRR13060217_1										4.853583562530335	4.098581675025616	12.673245968829209	25.00134821765626	6.611659386291323	36.391090977727444	0.0
SRR13060217_2										9.976810656312356	4.087795933775549	18.17397400636359	10.98527746319366	22.74712829639217	0.0	0.0
SRR13060218_1										5.339348764221263	1.4515496273048254	8.970184386033738	3.903491565319733	32.19693997646136	13.38171832091016	27.261671243624953
SRR13060218_2										7.630443311102393	3.928991761475088	8.360141231855629	8.201255394272264	20.900353079639075	12.559827383287564	23.49156531973323
SRR13060219_1										5.1743052169673325	1.6942954656265237	8.587274500243785	2.7364700146270113	34.40394929302779	10.285633024540875	29.306842190801234
SRR13060219_2										10.110921501706486	4.908174874045181	10.26125467251747	8.755891435072323	23.506825938566553	19.677393141556966	0.0
SRR13060221_1										5.1807972832169185	1.7539458958823757	11.916798518118318	3.70470420252383	41.660556477443755	0.0	27.443754100258555
SRR13060221_2										8.190869447767529	3.1489985721452554	13.614787944275076	6.120480067919577	28.339057615868484	0.0	22.154902944468027
SRR13060222_1										5.548448408202054	2.1016850031068386	11.374684747249535	0.0	24.551335940641106	0.0	49.296392412003364
SRR13060222_2										7.942541759567236	3.5198654921598007	10.797178259439306	3.187250996015936	20.103073942761064	0.0	39.149822727438874
SRR13060223_1										5.38296921665922	2.4857136138089975	9.79469933918115	1.3028243538790774	23.561366789737317	13.011781859229124	37.46913435082191
SRR13060223_2										8.990428709169155	4.1977282882204925	12.981210168614632	1.9895115584507208	23.305034922277358	0.0	26.82077934294382
SRR13060224_1										5.156790877621666	1.9751578090002035	10.84555080431684	3.0594583587863977	39.174811647322336	0.0	32.04031765424557
SRR13060224_2										11.374974546935452	4.0953980859295465	10.644471594379963	4.535736102626756	22.327428222357973	20.433720219914477	0.0
SRR13060225_1										5.541654231996511	2.740983907623792	6.742269461215307	2.8603567411216457	14.832074562108307	35.03592663162003	25.495282477445418
SRR13060225_2										9.127430499758958	4.965450747228025	10.743555014806823	8.606322168912559	12.586947039783292	30.391864282270838	0.0
SRR13060226_1										5.798629414865577	1.3730953636066972	7.731505886487436	7.415217009312951	27.338906042121646	0.0	43.773376509275295
SRR13060226_2										7.917262846097849	2.9746215829505234	7.465421592991441	7.58842282300374	25.370886361924843	0.0	34.877124281446896
SRR13060228_1										5.497292299564126	3.0088495575221237	6.176198652753929	5.909391097609299	34.653282261260074	0.0	36.97001717078325
SRR13060228_2										8.469158631620658	3.9043719455818255	11.80293224144763	11.676132611279884	17.635715229163914	0.0	27.991018359529786
SRR13060229_1										6.320632509938803	2.202170902756064	8.616607852771697	9.11243132174923	17.796042346004377	0.0	48.14401214990843
SRR13060229_2										8.469200875508108	3.738776968776522	12.297315406262562	9.429579666770895	11.54687988564792	38.13373833028096	0.0
SRR13060230_1										5.968135680328921	2.7688551972247204	12.013362456636258	4.670435564692278	28.92522163690094	0.0	37.08402929461647
SRR13060230_2										8.492869073621996	4.265707310805602	12.646151869459077	15.986766028523705	11.258512141847616	28.27315945008351	0.0
SRR13060231_1										5.2440419921389125	4.064878849694015	5.78884521617991	1.5274391760784118	29.42932484203194	17.988457137171004	29.42434947012289
SRR13060231_2										9.726852082193144	4.783820090551768	7.945668938753172	6.701825961490622	27.113289218369076	23.254888302900643	0.0
SRR13060232_1										5.934687580354847	2.2679352018513756	7.004371303677037	5.914116739521727	34.57958344047313	0.0	36.45152995628697
SRR13060232_2										8.49832861918231	3.756749807148367	12.417073797891488	14.885574697865774	13.234764721007972	0.0	26.618668038056054
SRR13060233_1										5.051637651224549	1.3425789318383003	11.056358807907937	8.365299498377102	25.56801416347005	0.0	40.48391856004721
SRR13060233_2										8.533490705222778	4.092652699911478	10.699321333726763	6.2614340513425795	21.835349660666864	0.0	32.009442313366776
SRR13060234_1										5.492571428571429	2.450285714285714	9.648	12.235428571428573	20.057142857142857	0.0	42.290285714285716
SRR13060234_2										8.121142857142857	4.178285714285714	5.849142857142857	14.50057142857143	17.49257142857143	0.0	35.61828571428571
SRR13060235_1										5.557552110072902	2.99568744224253	11.892904815689496	7.508471095595031	38.017250231029884	24.940959030701304	0.0
SRR13060235_2										8.699558476229592	3.016223431563816	11.928842797001746	13.143033165622754	27.092103912105962	19.86600266967861	0.0
SRR13060236_1										5.83778198725676	2.8635390784521144	17.294398386184163	7.798469827056016	41.196585401854904	13.680533346453789	0.0
SRR13060236_2										10.63248788408079	3.5818839331840877	17.88973898496888	11.963393933430098	32.09673054687692	0.0	0.0
SRR13060237_1										6.053031669544154	1.6285721648156262	10.513567139948979	2.82680959620687	36.19965470147138	0.0	34.29278223001005
SRR13060237_2										9.853892339011002	3.316411987528024	11.97722060453011	14.19846934831345	15.046254541706395	0.0	26.3225706702399
SRR13060240_1										6.069919323857087	3.4863618901267768	9.957260852862081	9.107280061467538	28.431137149442947	34.09527468305801	0.0
SRR13060240_2										8.473396081444488	3.9017479830964272	14.461678832116789	10.20937379946216	26.515078755282367	17.92883211678832	0.0
SRR13060241_1										5.992101320985973	2.0310888893212193	8.357814050310305	9.873348767533706	28.85741522538472	14.770140658742047	21.517091107176903
SRR13060241_2										8.048481547051614	2.9474134744460225	11.95307484290189	11.05815061963775	20.108558199256823	30.452714927725143	0.0
SRR13060242_1										5.890660156062999	3.7795011728661017	10.084254870984728	8.547560917229163	43.98247881660204	17.9304897314376	0.0
SRR13060242_2										8.806070180477764	2.975250131648236	13.389822394561731	20.544305615395665	21.248025276461295	14.548326870601752	0.0
SRR13060243_1										5.476687706783678	2.8627073702982377	7.583828049839266	7.149728981392402	48.21550085646573	19.679939930074852	0.0
SRR13060243_2										8.604547481052162	3.554919398362156	9.770748762231035	8.628012295562804	36.60276415514935	15.873947016448836	0.0
SRR13060244_1										6.0650920754547695	2.4807662113361597	11.307000426171411	6.390328151986183	49.24522800170469	14.375434582688468	0.0
SRR13060244_2										10.995222394186124	2.6489917681627526	13.08570531368459	8.088284772222597	40.840679182648095	0.0	0.0
SRR13060245_1										5.511854642144915	3.224019499224463	13.31985375581653	7.35929536893419	35.94892532683359	25.318524263239528	0.0
SRR13060245_2										8.364724130290274	4.2986926656326165	12.228561932195879	12.6938843341458	24.73964103700421	19.651562153777974	0.0
SRR13060246_1										6.073669480431544	2.9138265697648174	13.526384688304066	7.980860380083961	43.70514151582178	15.512571660723154	0.0
SRR13060246_2										11.84715388434975	3.7308716652372143	15.126619419491716	6.809461472486797	32.715659278653	0.0	0.0
SRR13060313_1										5.090960372302919	2.752785220702299	6.836835425186856	3.51431391905232	31.428571428571427	0.0	44.38302073050345
SRR13060313_2										8.182202792271893	3.8132844450712167	17.365674799041038	7.285291214215202	14.649555774925963	0.0	29.079114370328586
SRR13060314_1										4.596877830914109	2.5048981397602548	11.456380222049003	7.205005582825963	24.95839214612257	41.42456864769208	0.0
SRR13060314_2										8.304716961257293	3.4992731792613814	18.966861187772558	5.757684285924959	27.44432974487539	10.735879663766406	0.0
SRR13060315_1										4.42433225063858	2.393491217558576	11.957995648197786	7.413831162688027	48.44375768660717	17.372520576456118	0.0
SRR13060315_2										8.221122008135978	3.137712465705907	19.829081391315317	9.53612311185393	35.315821008482864	0.0	0.0
SRR13060316_1										4.565004597632961	1.2695399400824607	2.960282383650224	0.0	3.4348767537745086	20.88808471509507	64.26897635926794
SRR13060316_2										7.563847773855782	3.8590454720730873	6.24091596713434	4.633227538338327	12.846676356301723	17.382018805801916	35.17930768546258
SRR13060317_1										3.3028908878665106	0.5768042298976859	6.495914303371558	6.427247133145643	42.944448259287235	34.855455606674454	0.0
SRR13060317_2										9.565336812469958	2.8153539792625146	12.827027398200922	5.513973769140974	46.776076357893295	0.0	0.0
SRR13060318_1										5.549153981442174	2.7654800169810176	7.77488022317909	8.120565225301716	33.00382072897083	33.458669415974285	0.0
SRR13060318_2										10.922433137243011	3.893504760749591	8.915034265267755	3.3658802838255806	52.374310146158045	0.0	0.0
SRR13060319_1										5.204037668492645	2.2650335446543974	10.25420077552779	4.942450914014895	28.245214501138673	41.05681048809011	0.0
SRR13060319_2										8.241521511663692	4.388502492767896	12.873145811534437	4.499292177017296	31.193451098664372	23.130424078291377	0.0
SRR13060320_1										4.5915457253311365	1.4639711008302174	5.478800937955511	6.797008682426009	13.004626402180113	26.776094809557005	35.97186133468534
SRR13060320_2										7.557513150389758	2.798022688383294	12.538817415552316	8.162747956144242	7.304011661068508	48.174789276887005	0.0
SRR13060322_1										3.975621190811064	1.7846538521644009	5.403969370214096	3.922487888732615	4.038130957962181	28.870135958743553	47.5355524300672
SRR13060322_2										6.813564619471793	2.9223316143147366	11.129864041256447	5.829035786841694	3.197374589779653	21.303328645100798	34.84606969839037
SRR13060323_1										3.6228813559322033	2.9237288135593222	4.848163841807909	4.491525423728813	20.27895480225989	0.0	59.68573446327684
SRR13060323_2										7.552966101694915	3.975988700564972	9.781073446327683	7.853107344632769	12.74717514124294	0.0	42.86370056497175
SRR13060324_1										5.844574189651701	1.4093013891685122	5.0473122609220855	7.803503120595934	52.40386551238172	19.474531910610025	0.0
SRR13060324_2										8.800080531507952	2.365613046104288	7.710891886450574	12.643446748540367	49.73223273605799	0.0	0.0
SRR13060325_1										4.6107678729037955	0.9708737864077669	3.6928508384819065	4.116504854368932	11.675198587819947	32.16593115622241	37.525154457193295
SRR13060325_2										7.968225948808473	2.6019417475728153	9.853486319505738	5.920564872021183	6.079435127978818	52.921447484554285	0.0
SRR13060326_1										4.639484571897799	0.5432207939866721	4.532103717272527	3.0793039194011937	9.721125604017306	0.0	74.52231310993905
SRR13060326_2										6.679720809777974	2.823484824558633	11.66029750813252	6.575498215582858	4.298392445441051	0.0	54.805293244480936
SRR13060327_1										3.1263422715837272	0.5000920414800271	6.013376695097257	4.522304718659876	77.18598515064123	0.0	0.0
SRR13060327_2										5.540897097625329	2.7643124501441982	10.771921212493096	3.95778364116095	62.717064490397	0.0	0.0
SRR13060328_1										6.0604236880115545	2.4374097255657197	9.83690418873375	10.237120847376023	43.2805729417429	18.53033220991815	0.0
SRR13060328_2										9.572099181511797	3.3883004333172844	16.78201733269138	1.8927539720751083	41.411892152142514	0.0	0.0
SRR13060329_1										4.619366179989258	2.360955124761951	6.636066214170613	6.474925533473313	25.838663997265492	22.027442746227845	25.587186874359098
SRR13060329_2										9.70750524927975	3.6403144684799065	12.044045119390596	5.23707212266224	16.399726549147907	31.844816641437568	0.0
SRR13060330_1										4.485319836224101	1.7529782112215297	4.483262350060696	1.9114046458037568	2.732341625002572	0.0	80.89829845894286
SRR13060330_2										6.9748780939448185	4.359813180256363	9.104376273069564	3.8804189041828696	2.1439005822685844	37.689031541262885	22.630290311297657
SRR13060331_1										5.375896594775882	3.4443927635927443	11.53516609953732	2.7834218707924308	10.761585350926584	59.088349776004314	0.0
SRR13060331_2										10.707728463365077	6.8324805992802755	14.054199613209626	1.8091018139978945	21.905064995471125	13.586623907561995	0.0
SRR13060333_1										6.02391441157961	2.300818124606671	8.135934550031466	9.500314663310258	7.924480805538074	24.48584015103839	35.030837004405285
SRR13060333_2										9.38703587161737	3.4386406544996855	11.879169288860918	6.643171806167401	6.049087476400252	15.035871617369414	27.00314663310258
SRR13060334_1										5.732008951356445	2.9288210121314435	12.633975894154137	9.760119351419261	35.97424522005418	23.22641435357858	0.0
SRR13060334_2										8.72364649994111	6.968709512779239	10.576734325311138	8.064072867182286	46.028817086097916	0.0	0.0
SRR13060335_1										4.365317341329336	2.288855572213893	2.2813593203398304	2.9535232383808094	7.3188405797101455	0.0	77.63618190904548
SRR13060335_2										8.813093453273362	3.633183408295852	10.877061469265367	0.0	11.689155422288856	23.39080459770115	26.40679660169915
SRR13060336_1										4.099421033656395	2.4600767713613134	11.41390791678154	3.2150658494687505	14.293894343944183	0.0	59.14575954870316
SRR13060336_2										7.47778508260344	3.3232243971751534	16.95756367569402	6.741882807032426	8.499989396220812	0.0	40.459779865544085
SRR13060337_1										6.161311668259687	2.6566674019067227	12.619170159056933	7.710217385976521	26.79214763620322	0.0	35.955689532632405
SRR13060337_2										6.198073671053599	4.325662328750337	15.001347940102445	11.13398524618288	16.515942455211626	0.0	29.688993456363505
SRR13060338_1										4.715827859851232	2.231523112943663	7.276795889190477	5.610923481756211	17.348693616227752	10.958705426517207	45.60014918260365
SRR13060338_2										6.439715724260821	3.9264032488655904	16.084785446408222	7.6601123013488595	14.669622692331599	0.0	34.00327372935789
SRR13060339_1										3.4143883079249084	2.6647347864432405	3.8396119440594685	0.0	4.113644954012851	0.0	82.06501196925791
SRR13060339_2										6.082272899080257	3.2820965100163786	9.962832304397127	0.0	8.680861786569233	27.22376212674814	33.65566334887237
SRR13060340_1										5.223329641934294	2.8516057585825028	10.215946843853821	6.568383167220376	26.232004429678845	40.7922665190107	0.0
SRR13060340_2										8.047249907715024	3.043097083794758	14.22111480251015	9.770671834625324	48.51651901070505	0.0	0.0
SRR13060341_1										5.069282333540359	1.7240271561047695	9.183389373139443	13.040498575803653	36.13389587304307	0.0	27.11113014798792
SRR13060341_2										8.600860942753732	4.4803289572312766	12.398003983466472	14.942282569121708	16.375045510033623	0.0	22.85781594671578
SRR13060342_1										5.8697783879192	2.276917042557364	10.09413610511865	6.379682290645225	26.73857619141008	10.123553637968229	31.202196509119435
SRR13060342_2										7.842714257697588	3.1476760149048837	13.210433418317317	9.262600509903903	24.33418317317121	0.0	26.163953716414984
SRR13060344_1										4.828163901621798	2.2919235870349257	8.932684924494497	4.890988202992299	15.482700048863347	11.722549270540055	45.5429648416595
SRR13060344_2										8.423110035600438	3.539102310538195	12.776601437978455	10.83835539939968	13.067454685064103	0.0	29.811294413290828
SRR13060345_1										5.381402506045284	2.435700153879974	6.46295889206419	0.0	16.733347988568916	0.0	64.25148384260278
SRR13060345_2										6.027698395251703	4.576830072543416	8.973400747417015	9.087711584963728	9.936249725214333	0.0	48.08529347109255
SRR13060346_1										4.988432620011567	1.6917293233082706	6.227106227106227	10.588972431077694	25.48197416618469	0.0	44.13196452670137
SRR13060346_2										7.78870252554463	3.147291305186042	10.273279352226721	9.33342972816657	20.722479275110853	0.0	29.81492192018508
SRR13060347_1										4.930262731106065	1.8691209860525464	10.022705157314304	7.283895556276354	21.776678559844306	45.53194939993513	0.0
SRR13060347_2										9.42466753162504	3.9409665909828093	14.719834576710996	7.819088550113526	28.121959130716835	13.432533246837497	0.0
SRR13060348_1										6.09946588733246	1.7409049682555677	9.362088078202156	1.5721052101179078	10.473143202660486	34.823138163861735	28.62037690214653
SRR13060348_2										7.910914038093318	5.031240552252343	12.700292250327522	5.537639826665322	11.375088178978132	37.748160838456116	0.0
SRR13060349_1										5.632550057918253	1.7458216117822274	12.04079099784875	5.8993877213304655	16.390865464173423	0.0	52.04368691047493
SRR13060349_2										6.735065364884991	3.3137514479563133	12.278669534999173	6.621297368856529	12.665480721495944	0.0	42.13552871090518
SRR13060350_1										4.061129192019244	1.5423800764114899	5.261072590915523	1.8168954294608746	23.902646101598982	0.0	58.74062544219613
SRR13060350_2										6.285552568275081	3.1526814772888074	7.884533748408094	5.37993490873072	29.622187632658836	0.0	34.90873072024904
SRR13060351_1										5.193872666347535	2.0165150789851602	4.495771501515876	7.571405776288495	12.80915908728259	15.505824158289453	46.54938567097495
SRR13060351_2										9.795356629966491	4.220520185096537	10.493457794798148	6.967049625019945	24.05856071485559	19.89388862294559	0.0
SRR13060352_1										4.794899608173023	1.1356341177251899	1.2529608394394882	2.080889026630952	35.773581564208705	48.54005711376265	0.0
SRR13060352_2										8.947822814513094	3.9957496734775195	8.281495583645098	1.5429570761295464	38.244083855400355	19.17074358577026	0.0
SRR13060353_1										4.806170886075949	2.2151898734177213	7.545490506329114	2.4960443037974684	10.747626582278482	28.109177215189874	38.87856012658228
SRR13060353_2										7.8342563291139244	3.7559335443037973	8.83504746835443	1.3034018987341773	22.606803797468356	41.238132911392405	0.0
SRR13060355_1										5.579590811399224	2.375303542021381	11.209423060820052	6.291344516705279	28.858123761408994	37.245652720015634	0.0
SRR13060355_2										9.149524101934295	5.052055712172384	11.335026655874062	9.635191336143132	42.495882993273234	0.0	0.0
SRR13060356_1										4.986957188890593	2.1942611631118614	9.584548104956268	2.6430873101120147	20.85890747276354	0.0	53.25111247506521
SRR13060356_2										7.394123062758938	4.6762313948135645	9.413840724259629	7.495780266994016	20.469541199938625	34.36397115237072	0.0
SRR13060357_1										6.26051375312571	3.3780404637417596	15.462605137531257	3.7963173448511025	30.8933848601955	29.86587860877472	0.0
SRR13060357_2										10.638781541259377	3.8554216867469884	14.685155717208456	8.538304160036372	18.081382132302796	24.146396908388272	0.0
SRR13060358_1										4.3678160919540225	4.060469765117442	14.47776111944028	10.8095952023988	41.51424287856072	15.03248375812094	0.0
SRR13060358_2										9.507746126936532	5.044977511244378	13.705647176411794	9.762618690654673	35.11744127936032	0.0	0.0
SRR13060359_1										6.248597711465111	2.4770024680278215	12.052950415077406	3.3856854386358535	28.433924164236036	0.0	40.863809737491586
SRR13060359_2										6.919452546555979	2.533094009423379	13.28472066412385	6.021987884227058	22.591429212474758	0.0	36.621045546331615
SRR13060360_1										5.513453123545293	2.8191043664463273	6.282469043850665	4.975328181733545	35.067498370728984	36.56456568289731	0.0
SRR13060360_2										7.593333954008006	3.569500046550601	8.507587747881947	9.468392142258635	43.58067219067126	10.998975886788939	0.0
SRR13060361_1										3.8225218857049645	0.5219944538089283	7.286172584416291	0.0	15.752270132129848	66.11929748246425	0.0
SRR13060361_2										8.971779674840954	4.388015877331304	5.752813876352564	0.0	34.27763580011962	28.42151052145071	0.0
SRR13060362_1										4.501749167312567	1.4642729957894296	5.092485912394998	5.817290571255001	9.11242851456941	0.0	69.12038879694995
SRR13060362_2										7.597880051113393	3.406162934411463	8.812870519722647	7.046944717933679	11.800071223579195	15.970840228753378	29.80497308167669
SRR13060363_1										4.698028645751716	1.8757639389475662	6.785344908640738	3.449086407371423	22.694079669038143	23.295828501582726	31.279969912558375
SRR13060363_2										7.805497226313975	2.952330209671859	8.451123577898267	4.710565079763061	24.30971260225029	20.008148682107375	17.635628545460243
SRR13060364_1										5.545422190586351	2.1020553430020463	7.774268173325029	7.2092712874810925	23.247175015570782	0.0	47.68662692410357
SRR13060364_2										8.023400658421567	1.4725509386956135	11.251000978734762	10.116558412670166	16.727466856481893	0.0	39.44078654684581
SRR13060366_1										4.852738894732584	2.635731046201149	4.970062302775306	6.740027510316368	28.968767699652076	0.0	45.45472934703455
SRR13060366_2										8.420988753135367	3.452949267740108	12.04183186341937	8.564608787118699	15.879116433368395	0.0	32.83234889554171
SRR13060367_1										5.667267381200797	3.0257042587498817	6.9738214929337	1.261500521673148	31.471118277530113	0.0	45.0796737171583
SRR13060367_2										8.669259224129755	4.17812766764678	7.78952859717348	9.807455183534099	17.535331499573175	0.0	34.174333681115435
SRR13060368_1										5.094026007887104	2.291171006746407	2.757227129029104	4.520418472769937	3.992438809764365	0.0	77.74989407815403
SRR13060368_2										8.001173288140013	4.774630903105955	13.610142424143662	5.0353616008864845	3.800149920151224	0.0	46.8402698562722
SRR13060369_1										6.036249014972419	2.1710007880220648	6.735618597320725	1.5445232466509062	15.693459416863673	31.926713947990542	29.871946414499607
SRR13060369_2										8.01812450748621	4.282899921197793	10.573286052009456	6.152482269503546	5.468873128447597	27.624113475177303	23.620961386918836
SRR13060370_1										5.049902705417112	1.5159123721047016	8.787897809302619	5.332370849287552	10.994287866423953	21.1317556964409	40.33958947963091
SRR13060370_2										7.890276818780993	5.112673404054987	12.416044190571842	4.739187747159626	25.66380013809554	26.16910426213044	0.0
SRR13060371_1										4.856180926590061	1.9322257190953671	1.628485691283027	0.0	0.0	37.506404157212906	49.656005269706505
SRR13060371_2										9.606235819366171	4.237722315743248	9.379345678108761	3.4765424870087096	23.86006001610188	30.509404962306963	0.0
SRR13060372_1										5.557504736509719	2.624377236685145	8.478937150609314	2.030266881856244	10.279980352255983	13.255210160690478	52.178794470563474
SRR13060372_2										8.850840876663627	5.564521787944705	13.110191097700746	5.393773536360022	17.965990690711763	0.0	26.03326082380184
SRR13060373_1										4.504278706720613	2.2557198610763005	4.984066740663827	2.7534104335994845	31.862938164631743	45.862723334168784	0.0
SRR13060373_2										12.678577822335207	6.477138458233378	6.745676536932938	7.014214615632497	29.660925919295355	0.0	0.0
SRR13060374_1										4.483185243504668	3.542908559217186	6.8833652007648185	1.153975930716455	14.623776852997414	0.0	64.76661792824204
SRR13060374_2										7.202789337532336	4.269485997075694	7.322011022382184	2.5036553818468112	13.08064334720504	15.896974468563716	36.43234731751209
SRR13060377_1										4.2069515195619775	2.2039713067886475	2.1623869425096163	0.0	3.8292268773607794	0.0	85.20636240773469
SRR13060377_2										9.897078698409398	5.6277506324288735	10.150050247773503	2.592092040059604	0.0	52.4760023564473	0.0
SRR13060378_1										4.794859120118636	0.9674458018501518	6.6897347174163775	7.301744227102605	51.09102464515218	20.483487512652122	0.0
SRR13060378_2										7.720735352964716	2.758750559047148	12.557964362215474	4.818397947414259	37.70213967940117	15.40145469952687	0.0
SRR13060379_1										4.61634266529485	1.2698326745004602	4.556776953484594	5.187631992202307	6.544105702063139	38.80435371202686	33.256619916608
SRR13060379_2										7.256186711431202	4.307683976823523	6.400606487247523	3.8284507499864624	22.66746087615747	42.05339253804083	0.0
SRR13060380_1										4.687187020097483	1.5223342458436269	11.824798023636243	6.863857915470388	64.18508379515256	0.0	0.0
SRR13060380_2										5.3882620017359955	3.6188822861721306	15.383588168525073	11.303999465847633	43.2329572010416	0.0	0.0
SRR13060381_1										4.606881384379431	2.1645397459270193	4.650287930086524	4.7255259426454845	3.8689701073588565	20.43580171889921	54.82246722805799
SRR13060381_2										6.9653037011314645	3.8892264953554996	8.880979251671151	4.016552362762972	3.301791243452846	59.54509940098966	0.0
SRR13060382_1										4.915789816594455	3.244616737791967	6.736814672443561	1.7819330879239013	13.098999902270581	18.67934977359351	45.47675668632114
SRR13060382_2										7.111444115060103	4.77896862885624	11.85783627064534	4.772453334202039	34.06521809948855	19.334136886340687	0.0
SRR13060383_1										3.9218048736407725	2.015120937377632	6.201994035964939	15.678183077803547	41.54341998252959	21.383174191993735	0.0
SRR13060383_2										7.906864664598332	3.8465014006445974	11.196120365071236	6.033314256453508	34.76610741287388	17.488478568631585	0.0
SRR13060384_1										5.78774062816616	2.9603596757852078	15.621833839918947	7.513297872340425	7.538627152988855	52.02634245187436	0.0
SRR13060384_2										8.225683890577509	4.831560283687943	19.199594731509624	7.994554204660588	0.0	38.12056737588653	0.0
SRR13060385_1										6.651281628616171	1.623670979971977	7.926728756284514	9.117695541086293	23.82345668837056	11.971482733042116	30.93628945850161
SRR13060385_2										7.941152229456853	2.2480013187175474	12.496909255748784	8.660265391906371	25.976675183384156	0.0	29.24256160883541
SRR13060386_1										5.419829222011385	1.5437223276407337	10.139943074003794	7.141445287792536	33.86503795066413	0.0	34.49952561669829
SRR13060386_2										6.991223908918406	2.437144212523719	10.616302972802025	7.101913345983554	28.542061986084754	0.0	30.00079063883618
SRR13060387_1										6.380828641547567	1.9662191424859248	7.859102064385737	4.62249169914826	23.216399595784612	48.69929262306915	0.0
SRR13060387_2										8.358596795149415	5.3125451133246715	9.115057023242384	4.6917857658438	13.13700014436264	40.65540638082864	0.0
SRR13060388_1										4.161464835622139	2.399778055208767	2.8748786239422945	0.0	0.0	0.0	88.56290747676515
SRR13060388_2										7.4490220557636295	4.348730753225135	9.699680954362602	1.9212095991122207	0.0	26.758218893050355	35.1123595505618
SRR13060390_1										6.553690466629186	3.2005461408722193	12.356437233957111	7.613846277407438	60.517227531925144	0.0	0.0
SRR13060390_2										11.344470323668782	3.9916472572484136	16.749658661954864	5.120070677054052	36.1215966589029	0.0	0.0
SRR13060391_1										5.789933081175444	2.3961926929631323	12.263601978469596	1.8142898707344444	31.873727087576377	14.489380273494326	23.556673178436345
SRR13060391_2										9.778045637807057	4.337254249968827	9.969242279396484	6.621222827216426	20.34789475871815	31.277276694791972	0.0
SRR13060392_1										5.092647937836222	2.9268778641163578	9.053596333931061	5.092647937836222	35.345686391711496	0.0	35.68838414026699
SRR13060392_2										9.695158398087269	5.198246662681809	13.759713090257023	5.917513448894202	17.979677226539152	0.0	24.734010759115364
SRR13060393_1										5.875904907625203	3.181164219324488	13.36408687113202	4.770604489712029	33.250359679371535	31.007787343853476	0.0
SRR13060393_2										10.148667473566421	5.115439950672544	14.754847107721117	6.273264975222088	27.114115417113887	11.591952316791888	0.0
SRR13060394_1										4.812557199841136	2.415775932033638	5.17518260779472	9.046640534613458	20.642019650843537	9.894493274162077	41.741638030771355
SRR13060394_2										7.692839011586745	3.7678506674034296	9.129526342145706	9.227953238590251	22.867848940615772	11.921741983388303	18.742553228229525
SRR13060395_1										4.241703112940571	0.32158476974530487	6.5828402366863905	6.129405711345511	33.44481605351171	0.0	43.243503987651145
SRR13060395_2										10.174942114741446	4.2191921790584	9.364548494983277	10.531901209158734	11.2876254180602	27.53087213789555	0.0
SRR13060396_1										5.029038228348969	2.0337396557959453	10.287829472206267	8.48384283191865	21.962686408407258	0.0	46.099517093198884
SRR13060396_2										8.06475631288957	4.227030016806007	9.634735252196482	9.934690577999021	18.750398876763036	0.0	33.21632948284298
SRR13060397_1										4.529246642895076	2.0635763599119947	4.4786687909364495	4.2940596312874595	19.798700149204663	27.319626735452545	30.796854057608176
SRR13060397_2										7.022734744455403	4.913638317780644	7.718180208886529	14.79149280530056	25.840224565662695	22.259312646991884	0.0
SRR13060398_1										5.166102315365608	2.155211860528965	9.254598700466733	2.651688478081816	5.461242793081358	36.31371831243708	33.22503889448156
SRR13060398_2										7.202342820536287	4.76114212501144	10.615905555047132	4.20975565113938	8.710075958634574	51.208016839022605	0.0
SRR13060399_1										4.740976887168394	2.240692246385062	7.314129568484573	10.1149948764659	11.736308778321758	0.0	58.91381077080724
SRR13060399_2										6.15962655129227	3.5955823750426963	10.811795514061256	6.089035637026073	9.79392007286804	0.0	53.12763292724581
SRR13060401_1										3.1598513011152414	0.5357533347911656	4.914716816094467	0.0	42.581456374371314	43.062541001530725	0.0
SRR13060401_2										9.025803630002187	1.3393833369779138	5.827684233544719	0.0	66.49354909249945	0.0	0.0
SRR13060402_1										4.687180186941394	1.694298514930295	10.866252757499261	7.015987810147598	13.913715858179254	15.257783539150804	40.36069227445362
SRR13060402_2										7.946146323713356	4.5757431034090645	11.603102044529349	6.617998226103568	3.5705351254235747	13.176866571149167	35.32328125355348
SRR13060403_1										5.051334702258727	2.7488021902806294	6.85284052019165	4.689938398357289	53.67556468172484	18.784394250513348	0.0
SRR13060403_2										9.943874058863791	4.947296372347707	12.16974674880219	8.914442162902121	38.02327173169062	0.0	0.0
SRR13060404_1										5.022722969134633	1.495928801363378	12.720128763491765	2.4521870857792085	68.72751372846052	0.0	0.0
SRR13060404_2										10.457299753834501	3.394243514485893	18.860064381745882	3.8202991857602724	39.21132361295209	0.0	0.0
SRR13060405_1										5.016037303576723	1.1589984097463681	11.641195655103637	5.865071022344411	37.53537640494866	0.0	30.956038920783808
SRR13060405_2										7.385245680709415	3.929813212581871	12.765154578043719	4.646775019541252	32.279453384005826	23.76755343521738	0.0
SRR13060406_1										6.256555357709101	3.1441324974998173	11.898431592555553	4.268605019879503	44.40324901822085	21.37473473668805	0.0
SRR13060406_2										10.75688465009635	5.0442715320633225	16.403639290679806	3.3929311900870798	26.192160401980637	13.447325414054687	0.0
SRR13060407_1										5.243122620811222	1.6051906163856957	10.20121139385302	1.4851763646933074	6.846438014514224	11.097567836180547	58.22378907495265
SRR13060407_2										7.761546683668685	4.099236784368144	10.238715847506892	11.44635925516155	6.711421981360287	42.38940874228815	0.0
SRR13060408_1										5.153663210879956	1.5377866032464385	14.717495208848044	4.359371031425339	28.176591470595024	38.2530190029786	0.0
SRR13060408_2										8.044517305871759	4.336281142487705	13.20972546122053	10.956152300907434	32.129580456718	14.156410907663533	0.0
SRR13060409_1										4.600478843615045	0.8144816629746482	10.872435165917075	6.433062585308004	22.827862433152088	22.228189120852075	25.342910205634244
SRR13060409_2										7.1468528339039175	3.9918551833702534	11.272963236445817	7.285583227047951	22.496699559195363	33.592893423731844	0.0
SRR13060410_1										5.016301126259632	2.5760719225449513	8.787788974510965	1.3386682473819402	25.195119541592568	49.1676546137127	0.0
SRR13060410_2										8.036949219521833	4.8483501284331165	12.54692748468682	2.4476388065599686	37.04307449120727	17.91394981229006	0.0
SRR13060412_1										5.043699927166788	0.7920611798980335	7.75218499635834	6.290968681718864	9.14512017479971	0.0	66.58321194464676
SRR13060412_2										7.064821558630735	3.3139111434814272	8.211944646758921	8.025309541150765	5.3259286234522945	0.0	55.27585579024035
SRR13060413_1										5.800528289025221	2.9247614178595773	7.078646898432174	4.596966598500341	21.417007498295842	13.71634287661895	38.1923142467621
SRR13060413_2										10.521046353101568	4.164536468984322	12.664025221540559	3.0120995228357192	24.49301295160191	21.225289706884798	0.0
SRR13060414_1										4.368815592203898	1.6941529235382307	9.769115442278862	4.464767616191904	8.47376311844078	0.0	66.74362818590704
SRR13060414_2										6.770614692653673	3.643178410794603	13.427286356821588	8.329835082458771	3.9370314842578713	0.0	48.908545727136435
SRR13060415_1										4.89039202132912	2.2020341660906486	8.76370099733386	3.426483657549126	32.87498765675916	0.0	41.58684704255949
SRR13060415_2										11.25703564727955	4.216451071393305	8.808136664362594	10.057272637503702	19.966426384911625	15.258714328033967	0.0
