	28.0	29.0	30.0	31.0	32.0	33.0	34.0	35.0	36.0	37.0
SRR13060060_1	7.0	536.0	3016.0	4506.0	5070.0	5383.0	5798.0	5176.0	3199.0	841.0
	24.0	25.0	26.0	27.0	28.0	29.0	30.0	31.0	32.0	33.0	34.0	35.0	36.0	37.0
SRR13060060_2	8.0	367.0	1355.0	2330.0	3171.0	4066.0	4703.0	4904.0	4577.0	3854.0	2668.0	1227.0	288.0	14.0
	28.0	29.0	30.0	31.0	32.0	33.0	34.0	35.0	36.0	37.0	38.0
SRR13060061_1	38.0	1767.0	8590.0	11883.0	13701.0	15468.0	16488.0	15767.0	11563.0	3725.0	2.0
	24.0	25.0	26.0	27.0	28.0	29.0	30.0	31.0	32.0	33.0	34.0	35.0	36.0	37.0
SRR13060061_2	20.0	853.0	2973.0	4978.0	7076.0	9713.0	11878.0	13731.0	14513.0	13489.0	10954.0	6546.0	2136.0	132.0
	28.0	29.0	30.0	31.0	32.0	33.0	34.0	35.0	36.0	37.0
SRR13060062_1	8.0	560.0	2913.0	5089.0	6101.0	5665.0	5577.0	5622.0	5075.0	2334.0
	24.0	25.0	26.0	27.0	28.0	29.0	30.0	31.0	32.0	33.0	34.0	35.0	36.0	37.0
SRR13060062_2	4.0	285.0	1050.0	1503.0	2323.0	3157.0	4145.0	5055.0	5551.0	5507.0	4993.0	3619.0	1578.0	174.0
	28.0	29.0	30.0	31.0	32.0	33.0	34.0	35.0	36.0	37.0
SRR13060065_1	9.0	590.0	2832.0	3909.0	4306.0	4664.0	5115.0	5049.0	4107.0	1376.0
	24.0	25.0	26.0	27.0	28.0	29.0	30.0	31.0	32.0	33.0	34.0	35.0	36.0	37.0
SRR13060065_2	7.0	282.0	957.0	1455.0	2129.0	2901.0	3547.0	4253.0	4438.0	4454.0	3830.0	2611.0	1030.0	63.0
	28.0	29.0	30.0	31.0	32.0	33.0	34.0	35.0	36.0	37.0
SRR13060066_1	9.0	559.0	3030.0	4499.0	4754.0	5462.0	5807.0	5408.0	3877.0	1220.0
	24.0	25.0	26.0	27.0	28.0	29.0	30.0	31.0	32.0	33.0	34.0	35.0	36.0	37.0
SRR13060066_2	4.0	270.0	1003.0	1690.0	2580.0	3429.0	4350.0	4831.0	4969.0	4637.0	3774.0	2357.0	698.0	33.0
	27.0	28.0	29.0	30.0	31.0	32.0	33.0	34.0	35.0	36.0	37.0	38.0
SRR13060067_1	1.0	22.0	831.0	3751.0	5016.0	5537.0	6031.0	6255.0	6062.0	4828.0	1270.0	1.0
	24.0	25.0	26.0	27.0	28.0	29.0	30.0	31.0	32.0	33.0	34.0	35.0	36.0	37.0
SRR13060067_2	12.0	506.0	1571.0	2508.0	3545.0	4695.0	5230.0	5639.0	5255.0	4658.0	3532.0	1927.0	515.0	12.0
	28.0	29.0	30.0	31.0	32.0	33.0	34.0	35.0	36.0	37.0	38.0
SRR13060068_1	18.0	448.0	2354.0	3739.0	4520.0	5094.0	5827.0	6479.0	6573.0	3801.0	1.0
	24.0	25.0	26.0	27.0	28.0	29.0	30.0	31.0	32.0	33.0	34.0	35.0	36.0	37.0
SRR13060068_2	6.0	495.0	1586.0	2295.0	3319.0	4172.0	4720.0	5046.0	5135.0	4870.0	3840.0	2446.0	884.0	40.0
	28.0	29.0	30.0	31.0	32.0	33.0	34.0	35.0	36.0	37.0
SRR13060069_1	10.0	534.0	2214.0	3468.0	4155.0	5452.0	6399.0	7797.0	9385.0	5842.0
	24.0	25.0	26.0	27.0	28.0	29.0	30.0	31.0	32.0	33.0	34.0	35.0	36.0	37.0
SRR13060069_2	9.0	729.0	1911.0	2820.0	3840.0	4709.0	5367.0	5746.0	5896.0	5619.0	4423.0	3067.0	1068.0	52.0
	28.0	29.0	30.0	31.0	32.0	33.0	34.0	35.0	36.0	37.0	38.0
SRR13060070_1	18.0	662.0	3371.0	4694.0	5597.0	6360.0	6871.0	6859.0	5823.0	3016.0	1.0
	24.0	25.0	26.0	27.0	28.0	29.0	30.0	31.0	32.0	33.0	34.0	35.0	36.0	37.0
SRR13060070_2	2.0	282.0	931.0	1640.0	2479.0	3712.0	4751.0	5552.0	6298.0	6363.0	5605.0	3857.0	1624.0	176.0
	28.0	29.0	30.0	31.0	32.0	33.0	34.0	35.0	36.0	37.0
SRR13060071_1	15.0	715.0	3413.0	4400.0	4685.0	4666.0	4385.0	4045.0	2935.0	717.0
	24.0	25.0	26.0	27.0	28.0	29.0	30.0	31.0	32.0	33.0	34.0	35.0	36.0	37.0
SRR13060071_2	32.0	600.0	1455.0	1975.0	2653.0	3353.0	3832.0	4150.0	3933.0	3421.0	2669.0	1518.0	370.0	15.0
	28.0	29.0	30.0	31.0	32.0	33.0	34.0	35.0	36.0	37.0
SRR13060072_1	19.0	604.0	2738.0	4480.0	5378.0	6150.0	7222.0	8289.0	9138.0	4528.0
	24.0	25.0	26.0	27.0	28.0	29.0	30.0	31.0	32.0	33.0	34.0	35.0	36.0	37.0
SRR13060072_2	7.0	629.0	1843.0	2930.0	3889.0	4933.0	5749.0	6479.0	6457.0	5990.0	5028.0	3342.0	1199.0	71.0
	28.0	29.0	30.0	31.0	32.0	33.0	34.0	35.0	36.0	37.0
SRR13060073_1	14.0	528.0	2560.0	3897.0	4679.0	5562.0	6665.0	7531.0	8444.0	4722.0
	24.0	25.0	26.0	27.0	28.0	29.0	30.0	31.0	32.0	33.0	34.0	35.0	36.0	37.0
SRR13060073_2	7.0	668.0	1941.0	2806.0	3691.0	4592.0	5347.0	5779.0	5860.0	5398.0	4475.0	2984.0	994.0	60.0
	28.0	29.0	30.0	31.0	32.0	33.0	34.0	35.0	36.0	37.0
SRR13060074_1	28.0	705.0	2954.0	4277.0	5068.0	6072.0	7191.0	8653.0	10384.0	4424.0
	24.0	25.0	26.0	27.0	28.0	29.0	30.0	31.0	32.0	33.0	34.0	35.0	36.0	37.0
SRR13060074_2	2.0	674.0	1668.0	2577.0	3662.0	4647.0	5627.0	6279.0	6749.0	6574.0	5721.0	3928.0	1539.0	109.0
	28.0	29.0	30.0	31.0	32.0	33.0	34.0	35.0	36.0	37.0
SRR13060076_1	12.0	452.0	2138.0	3478.0	4443.0	4984.0	5933.0	7243.0	8342.0	3605.0
	24.0	25.0	26.0	27.0	28.0	29.0	30.0	31.0	32.0	33.0	34.0	35.0	36.0	37.0
SRR13060076_2	45.0	1712.0	4200.0	4938.0	5453.0	5544.0	5288.0	4716.0	3735.0	2727.0	1565.0	612.0	91.0	4.0
	28.0	29.0	30.0	31.0	32.0	33.0	34.0	35.0	36.0	37.0
SRR13060077_1	5.0	334.0	1900.0	2936.0	3565.0	4238.0	4969.0	5979.0	6308.0	1606.0
	24.0	25.0	26.0	27.0	28.0	29.0	30.0	31.0	32.0	33.0	34.0	35.0	36.0	37.0
SRR13060077_2	17.0	950.0	2959.0	3556.0	3955.0	4160.0	4079.0	3868.0	3304.0	2543.0	1617.0	683.0	145.0	4.0
	28.0	29.0	30.0	31.0	32.0	33.0	34.0	35.0	36.0	37.0
SRR13060078_1	17.0	629.0	2789.0	4252.0	5151.0	5993.0	6987.0	8494.0	10787.0	4205.0
	24.0	25.0	26.0	27.0	28.0	29.0	30.0	31.0	32.0	33.0	34.0	35.0	36.0	37.0
SRR13060078_2	5.0	548.0	2085.0	3111.0	4166.0	5233.0	5827.0	6425.0	6542.0	6171.0	4958.0	3106.0	1073.0	54.0
	28.0	29.0	30.0	31.0	32.0	33.0	34.0	35.0	36.0	37.0
SRR13060079_1	25.0	617.0	2881.0	4226.0	4940.0	5708.0	6681.0	7750.0	8629.0	3093.0
	24.0	25.0	26.0	27.0	28.0	29.0	30.0	31.0	32.0	33.0	34.0	35.0	36.0	37.0
SRR13060079_2	4.0	297.0	1102.0	1921.0	2875.0	3882.0	4883.0	5817.0	6271.0	6418.0	5560.0	3882.0	1507.0	131.0
	28.0	29.0	30.0	31.0	32.0	33.0	34.0	35.0	36.0	37.0
SRR13060080_1	12.0	413.0	2495.0	4202.0	4957.0	5538.0	6539.0	7885.0	8536.0	2870.0
	24.0	25.0	26.0	27.0	28.0	29.0	30.0	31.0	32.0	33.0	34.0	35.0	36.0	37.0
SRR13060080_2	10.0	888.0	2788.0	3866.0	4833.0	5488.0	5812.0	5574.0	5114.0	4191.0	3002.0	1493.0	371.0	17.0
	27.0	28.0	29.0	30.0	31.0	32.0	33.0	34.0	35.0	36.0	37.0	38.0
SRR13060081_1	2.0	16.0	588.0	3127.0	5264.0	6086.0	6410.0	7254.0	8307.0	9100.0	3962.0	2.0
	24.0	25.0	26.0	27.0	28.0	29.0	30.0	31.0	32.0	33.0	34.0	35.0	36.0	37.0
SRR13060081_2	12.0	567.0	1611.0	2480.0	3235.0	4334.0	5379.0	6235.0	6723.0	6879.0	6157.0	4514.0	1873.0	119.0
	28.0	29.0	30.0	31.0	32.0	33.0	34.0	35.0	36.0	37.0
SRR13060082_1	13.0	522.0	2535.0	4562.0	5068.0	5227.0	5423.0	5826.0	5822.0	2190.0
	23.0	24.0	25.0	26.0	27.0	28.0	29.0	30.0	31.0	32.0	33.0	34.0	35.0	36.0	37.0
SRR13060082_2	1.0	31.0	958.0	2079.0	2730.0	3423.0	3965.0	4499.0	4674.0	4559.0	4158.0	3429.0	2119.0	550.0	13.0
	28.0	29.0	30.0	31.0	32.0	33.0	34.0	35.0	36.0	37.0
SRR13060083_1	24.0	522.0	2554.0	4564.0	5083.0	4985.0	5415.0	6019.0	6606.0	2986.0
	24.0	25.0	26.0	27.0	28.0	29.0	30.0	31.0	32.0	33.0	34.0	35.0	36.0	37.0
SRR13060083_2	7.0	188.0	709.0	1141.0	1779.0	2559.0	3509.0	4558.0	5385.0	5851.0	5630.0	4670.0	2517.0	255.0
	28.0	29.0	30.0	31.0	32.0	33.0	34.0	35.0	36.0	37.0	38.0
SRR13060084_1	16.0	488.0	2642.0	4512.0	5159.0	5262.0	5662.0	6448.0	7353.0	3413.0	1.0
	24.0	25.0	26.0	27.0	28.0	29.0	30.0	31.0	32.0	33.0	34.0	35.0	36.0	37.0
SRR13060084_2	13.0	450.0	1231.0	1758.0	2483.0	3230.0	4076.0	4984.0	5604.0	5663.0	5166.0	4198.0	1941.0	159.0
	28.0	29.0	30.0	31.0	32.0	33.0	34.0	35.0	36.0	37.0
SRR13060085_1	10.0	406.0	2194.0	4456.0	4852.0	4307.0	4425.0	4779.0	4695.0	1544.0
	24.0	25.0	26.0	27.0	28.0	29.0	30.0	31.0	32.0	33.0	34.0	35.0	36.0	37.0
SRR13060085_2	24.0	678.0	1629.0	2145.0	2550.0	3106.0	3596.0	3859.0	4050.0	3719.0	3295.0	2232.0	756.0	29.0
	28.0	29.0	30.0	31.0	32.0	33.0	34.0	35.0	36.0	37.0	38.0
SRR13060087_1	15.0	590.0	2493.0	3891.0	4893.0	5263.0	5653.0	6599.0	7474.0	4193.0	1.0
	24.0	25.0	26.0	27.0	28.0	29.0	30.0	31.0	32.0	33.0	34.0	35.0	36.0	37.0
SRR13060087_2	15.0	437.0	1210.0	1784.0	2668.0	3449.0	4284.0	4780.0	5481.0	5709.0	5192.0	4086.0	1824.0	146.0
	28.0	29.0	30.0	31.0	32.0	33.0	34.0	35.0	36.0	37.0	38.0
SRR13060088_1	15.0	532.0	2646.0	4580.0	5108.0	5097.0	5424.0	5916.0	6069.0	2560.0	1.0
	24.0	25.0	26.0	27.0	28.0	29.0	30.0	31.0	32.0	33.0	34.0	35.0	36.0	37.0
SRR13060088_2	6.0	320.0	749.0	1308.0	2015.0	2680.0	3700.0	4398.0	5302.0	5492.0	5295.0	4314.0	2196.0	173.0
	28.0	29.0	30.0	31.0	32.0	33.0	34.0	35.0	36.0	37.0
SRR13060089_1	5.0	354.0	2175.0	4483.0	4933.0	4637.0	4540.0	4748.0	4731.0	2087.0
	24.0	25.0	26.0	27.0	28.0	29.0	30.0	31.0	32.0	33.0	34.0	35.0	36.0	37.0
SRR13060089_2	13.0	602.0	1656.0	2263.0	3001.0	3682.0	4003.0	4221.0	4229.0	3653.0	2955.0	1837.0	550.0	28.0
	28.0	29.0	30.0	31.0	32.0	33.0	34.0	35.0	36.0	37.0
SRR13060090_1	20.0	574.0	2588.0	3864.0	4471.0	4956.0	5618.0	6366.0	6959.0	3389.0
	24.0	25.0	26.0	27.0	28.0	29.0	30.0	31.0	32.0	33.0	34.0	35.0	36.0	37.0
SRR13060090_2	11.0	265.0	888.0	1288.0	1925.0	2738.0	3627.0	4552.0	5230.0	5625.0	5490.0	4479.0	2443.0	244.0
	28.0	29.0	30.0	31.0	32.0	33.0	34.0	35.0	36.0	37.0
SRR13060091_1	16.0	755.0	3716.0	5086.0	5859.0	6333.0	6721.0	7493.0	6612.0	1053.0
	24.0	25.0	26.0	27.0	28.0	29.0	30.0	31.0	32.0	33.0	34.0	35.0	36.0	37.0
SRR13060091_2	6.0	527.0	1750.0	2564.0	3277.0	4199.0	5195.0	5836.0	6022.0	5541.0	4573.0	2924.0	1128.0	102.0
	28.0	29.0	30.0	31.0	32.0	33.0	34.0	35.0	36.0	37.0	38.0
SRR13060188_1	10.0	643.0	3108.0	4561.0	5251.0	6229.0	7387.0	8586.0	9534.0	5373.0	2.0
	24.0	25.0	26.0	27.0	28.0	29.0	30.0	31.0	32.0	33.0	34.0	35.0	36.0	37.0
SRR13060188_2	6.0	301.0	971.0	1605.0	2486.0	3541.0	4695.0	5829.0	6851.0	7417.0	7156.0	6123.0	3312.0	391.0
	28.0	29.0	30.0	31.0	32.0	33.0	34.0	35.0	36.0	37.0
SRR13060189_1	17.0	579.0	2856.0	4577.0	5420.0	5591.0	5990.0	6605.0	7129.0	3985.0
	24.0	25.0	26.0	27.0	28.0	29.0	30.0	31.0	32.0	33.0	34.0	35.0	36.0	37.0
SRR13060189_2	9.0	352.0	1086.0	1571.0	2347.0	3114.0	4126.0	4845.0	5600.0	6147.0	6024.0	4934.0	2417.0	177.0
	28.0	29.0	30.0	31.0	32.0	33.0	34.0	35.0	36.0	37.0
SRR13060190_1	9.0	344.0	1723.0	2284.0	2537.0	2571.0	2501.0	2206.0	1758.0	388.0
	24.0	25.0	26.0	27.0	28.0	29.0	30.0	31.0	32.0	33.0	34.0	35.0	36.0	37.0
SRR13060190_2	9.0	230.0	754.0	1084.0	1507.0	1923.0	2231.0	2304.0	2215.0	1947.0	1362.0	633.0	121.0	1.0
	28.0	29.0	30.0	31.0	32.0	33.0	34.0	35.0	36.0	37.0
SRR13060191_1	4.0	295.0	1699.0	2626.0	3013.0	3211.0	3479.0	3353.0	3031.0	1227.0
	24.0	25.0	26.0	27.0	28.0	29.0	30.0	31.0	32.0	33.0	34.0	35.0	36.0	37.0
SRR13060191_2	3.0	260.0	819.0	1385.0	1877.0	2469.0	2923.0	3221.0	3165.0	2665.0	1908.0	1008.0	226.0	9.0
	28.0	29.0	30.0	31.0	32.0	33.0	34.0	35.0	36.0	37.0	38.0
SRR13060192_1	19.0	630.0	3163.0	5291.0	6132.0	6792.0	7800.0	8943.0	10343.0	5613.0	1.0
	24.0	25.0	26.0	27.0	28.0	29.0	30.0	31.0	32.0	33.0	34.0	35.0	36.0	37.0
SRR13060192_2	11.0	431.0	1347.0	2295.0	3327.0	4402.0	5558.0	6464.0	7243.0	7395.0	7025.0	5794.0	3140.0	295.0
	28.0	29.0	30.0	31.0	32.0	33.0	34.0	35.0	36.0	37.0	38.0
SRR13060193_1	18.0	465.0	2124.0	3509.0	4287.0	4895.0	5424.0	6321.0	7152.0	4121.0	1.0
	24.0	25.0	26.0	27.0	28.0	29.0	30.0	31.0	32.0	33.0	34.0	35.0	36.0	37.0
SRR13060193_2	2.0	214.0	729.0	1146.0	1839.0	2614.0	3451.0	4411.0	5292.0	5735.0	5516.0	4571.0	2508.0	289.0
	28.0	29.0	30.0	31.0	32.0	33.0	34.0	35.0	36.0	37.0
SRR13060195_1	33.0	1000.0	4788.0	6211.0	6567.0	7218.0	7390.0	6945.0	5554.0	1940.0
	24.0	25.0	26.0	27.0	28.0	29.0	30.0	31.0	32.0	33.0	34.0	35.0	36.0	37.0
SRR13060195_2	3.0	291.0	1092.0	1892.0	2919.0	4175.0	5461.0	6664.0	7148.0	6966.0	5664.0	3789.0	1489.0	93.0
	28.0	29.0	30.0	31.0	32.0	33.0	34.0	35.0	36.0	37.0
SRR13060196_1	18.0	654.0	3183.0	5233.0	6355.0	6930.0	8133.0	9226.0	11529.0	6889.0
	24.0	25.0	26.0	27.0	28.0	29.0	30.0	31.0	32.0	33.0	34.0	35.0	36.0	37.0
SRR13060196_2	9.0	507.0	1608.0	2498.0	3480.0	4555.0	5914.0	6941.0	7701.0	8022.0	7438.0	6165.0	3029.0	283.0
	28.0	29.0	30.0	31.0	32.0	33.0	34.0	35.0	36.0	37.0
SRR13060197_1	13.0	464.0	2664.0	3914.0	4292.0	4654.0	5040.0	4557.0	3171.0	455.0
	24.0	25.0	26.0	27.0	28.0	29.0	30.0	31.0	32.0	33.0	34.0	35.0	36.0	37.0
SRR13060197_2	3.0	354.0	1390.0	2028.0	2558.0	3318.0	3942.0	4129.0	3891.0	3474.0	2408.0	1312.0	389.0	28.0
	28.0	29.0	30.0	31.0	32.0	33.0	34.0	35.0	36.0	37.0	38.0
SRR13060198_1	12.0	352.0	1710.0	2956.0	3607.0	4204.0	4934.0	6144.0	7294.0	3952.0	1.0
	24.0	25.0	26.0	27.0	28.0	29.0	30.0	31.0	32.0	33.0	34.0	35.0	36.0	37.0
SRR13060198_2	7.0	371.0	1099.0	1622.0	2199.0	2827.0	3517.0	4169.0	4722.0	4855.0	4636.0	3447.0	1591.0	104.0
	28.0	29.0	30.0	31.0	32.0	33.0	34.0	35.0	36.0	37.0
SRR13060199_1	7.0	305.0	1321.0	2443.0	3213.0	3747.0	4822.0	6030.0	7572.0	4078.0
	24.0	25.0	26.0	27.0	28.0	29.0	30.0	31.0	32.0	33.0	34.0	35.0	36.0	37.0
SRR13060199_2	17.0	1323.0	3380.0	3962.0	4465.0	4428.0	4486.0	3898.0	3113.0	2379.0	1431.0	547.0	105.0	4.0
	28.0	29.0	30.0	31.0	32.0	33.0	34.0	35.0	36.0	37.0
SRR13060200_1	12.0	532.0	2529.0	4135.0	5101.0	5784.0	7009.0	7982.0	9153.0	4458.0
	24.0	25.0	26.0	27.0	28.0	29.0	30.0	31.0	32.0	33.0	34.0	35.0	36.0	37.0
SRR13060200_2	15.0	873.0	2529.0	3617.0	4501.0	5436.0	6017.0	6055.0	5922.0	5094.0	3938.0	2137.0	547.0	14.0
	28.0	29.0	30.0	31.0	32.0	33.0	34.0	35.0	36.0	37.0	38.0
SRR13060201_1	18.0	579.0	2788.0	4579.0	5481.0	5921.0	6675.0	7417.0	7780.0	4032.0	1.0
	24.0	25.0	26.0	27.0	28.0	29.0	30.0	31.0	32.0	33.0	34.0	35.0	36.0	37.0
SRR13060201_2	17.0	720.0	1878.0	2638.0	3497.0	4268.0	5308.0	5736.0	5843.0	5675.0	4924.0	3407.0	1280.0	80.0
	28.0	29.0	30.0	31.0	32.0	33.0	34.0	35.0	36.0	37.0
SRR13060202_1	19.0	656.0	2854.0	4367.0	5429.0	6348.0	7367.0	8719.0	9643.0	5297.0
	24.0	25.0	26.0	27.0	28.0	29.0	30.0	31.0	32.0	33.0	34.0	35.0	36.0	37.0
SRR13060202_2	16.0	539.0	1564.0	2418.0	3494.0	4537.0	5569.0	6439.0	6862.0	6889.0	6085.0	4479.0	1702.0	106.0
	28.0	29.0	30.0	31.0	32.0	33.0	34.0	35.0	36.0	37.0	38.0
SRR13060203_1	27.0	679.0	3181.0	5005.0	5881.0	6522.0	7302.0	8029.0	8602.0	4464.0	1.0
	24.0	25.0	26.0	27.0	28.0	29.0	30.0	31.0	32.0	33.0	34.0	35.0	36.0	37.0
SRR13060203_2	6.0	457.0	1313.0	1994.0	2943.0	3940.0	4997.0	5998.0	6739.0	6963.0	6549.0	5191.0	2406.0	197.0
	28.0	29.0	30.0	31.0	32.0	33.0	34.0	35.0	36.0	37.0	38.0
SRR13060204_1	12.0	394.0	2247.0	3920.0	4740.0	5306.0	6127.0	7219.0	8214.0	4503.0	2.0
	24.0	25.0	26.0	27.0	28.0	29.0	30.0	31.0	32.0	33.0	34.0	35.0	36.0	37.0
SRR13060204_2	61.0	1747.0	3824.0	4769.0	5245.0	5410.0	5483.0	4979.0	4322.0	3460.0	2218.0	1024.0	141.0	1.0
	27.0	28.0	29.0	30.0	31.0	32.0	33.0	34.0	35.0	36.0	37.0	38.0
SRR13060206_1	1.0	22.0	482.0	2173.0	3480.0	4045.0	4744.0	5731.0	6725.0	7772.0	3912.0	2.0
	24.0	25.0	26.0	27.0	28.0	29.0	30.0	31.0	32.0	33.0	34.0	35.0	36.0	37.0
SRR13060206_2	9.0	521.0	1523.0	2190.0	2987.0	3783.0	4559.0	5033.0	5324.0	4873.0	4139.0	2990.0	1088.0	70.0
	28.0	29.0	30.0	31.0	32.0	33.0	34.0	35.0	36.0	37.0
SRR13060207_1	19.0	588.0	2809.0	4446.0	5059.0	6002.0	6768.0	7597.0	8214.0	4108.0
	24.0	25.0	26.0	27.0	28.0	29.0	30.0	31.0	32.0	33.0	34.0	35.0	36.0	37.0
SRR13060207_2	16.0	444.0	1535.0	2236.0	3208.0	4288.0	5235.0	5992.0	6151.0	6128.0	5385.0	3649.0	1274.0	69.0
	28.0	29.0	30.0	31.0	32.0	33.0	34.0	35.0	36.0	37.0
SRR13060208_1	28.0	721.0	3343.0	5226.0	6139.0	6891.0	7658.0	8514.0	8628.0	4345.0
	24.0	25.0	26.0	27.0	28.0	29.0	30.0	31.0	32.0	33.0	34.0	35.0	36.0	37.0
SRR13060208_2	13.0	452.0	1251.0	2034.0	3029.0	4354.0	5428.0	6602.0	7063.0	7396.0	6798.0	5001.0	1956.0	116.0
	28.0	29.0	30.0	31.0	32.0	33.0	34.0	35.0	36.0	37.0
SRR13060209_1	18.0	449.0	2215.0	3677.0	4337.0	5051.0	5794.0	6323.0	7144.0	3468.0
	24.0	25.0	26.0	27.0	28.0	29.0	30.0	31.0	32.0	33.0	34.0	35.0	36.0	37.0
SRR13060209_2	16.0	402.0	1187.0	1806.0	2740.0	3544.0	4313.0	4936.0	5199.0	5212.0	4598.0	3199.0	1260.0	64.0
	28.0	29.0	30.0	31.0	32.0	33.0	34.0	35.0	36.0	37.0	38.0
SRR13060210_1	19.0	650.0	3097.0	5029.0	6073.0	7021.0	8123.0	9397.0	10135.0	4974.0	1.0
	24.0	25.0	26.0	27.0	28.0	29.0	30.0	31.0	32.0	33.0	34.0	35.0	36.0	37.0
SRR13060210_2	15.0	644.0	1868.0	2951.0	4103.0	5436.0	6423.0	7261.0	7230.0	7198.0	6098.0	3975.0	1261.0	56.0
	28.0	29.0	30.0	31.0	32.0	33.0	34.0	35.0	36.0	37.0	38.0
SRR13060211_1	12.0	494.0	2808.0	4497.0	5468.0	6308.0	7447.0	7838.0	8000.0	3752.0	2.0
	24.0	25.0	26.0	27.0	28.0	29.0	30.0	31.0	32.0	33.0	34.0	35.0	36.0	37.0
SRR13060211_2	18.0	828.0	2407.0	3447.0	4432.0	5362.0	5959.0	6252.0	5971.0	5448.0	4006.0	2060.0	429.0	7.0
	27.0	28.0	29.0	30.0	31.0	32.0	33.0	34.0	35.0	36.0	37.0	38.0
SRR13060212_1	1.0	10.0	369.0	1956.0	3430.0	4147.0	5158.0	6064.0	6970.0	7715.0	3679.0	1.0
	24.0	25.0	26.0	27.0	28.0	29.0	30.0	31.0	32.0	33.0	34.0	35.0	36.0	37.0
SRR13060212_2	38.0	1346.0	3307.0	4291.0	4863.0	5223.0	5256.0	4778.0	4218.0	3195.0	1991.0	852.0	140.0	2.0
	28.0	29.0	30.0	31.0	32.0	33.0	34.0	35.0	36.0	37.0
SRR13060213_1	19.0	481.0	2331.0	3696.0	4586.0	5228.0	5805.0	6719.0	7495.0	3888.0
	24.0	25.0	26.0	27.0	28.0	29.0	30.0	31.0	32.0	33.0	34.0	35.0	36.0	37.0
SRR13060213_2	12.0	467.0	1438.0	2255.0	2951.0	3905.0	4550.0	5307.0	5462.0	5334.0	4409.0	3040.0	1062.0	56.0
	28.0	29.0	30.0	31.0	32.0	33.0	34.0	35.0	36.0	37.0	38.0
SRR13060214_1	5.0	380.0	1894.0	3158.0	4112.0	4692.0	5225.0	5983.0	6324.0	3356.0	2.0
	24.0	25.0	26.0	27.0	28.0	29.0	30.0	31.0	32.0	33.0	34.0	35.0	36.0	37.0
SRR13060214_2	23.0	960.0	2349.0	3196.0	3921.0	4339.0	4489.0	4207.0	4049.0	3412.0	2528.0	1362.0	292.0	4.0
	28.0	29.0	30.0	31.0	32.0	33.0	34.0	35.0	36.0	37.0
SRR13060215_1	7.0	350.0	1739.0	2935.0	3432.0	3846.0	4360.0	5073.0	5772.0	3041.0
	24.0	25.0	26.0	27.0	28.0	29.0	30.0	31.0	32.0	33.0	34.0	35.0	36.0	37.0
SRR13060215_2	22.0	779.0	2048.0	2645.0	3397.0	3801.0	4028.0	4017.0	3594.0	2952.0	2061.0	1023.0	187.0	1.0
	28.0	29.0	30.0	31.0	32.0	33.0	34.0	35.0	36.0	37.0
SRR13060217_1	2.0	189.0	1013.0	1940.0	2211.0	2544.0	2865.0	3173.0	3216.0	1390.0
	24.0	25.0	26.0	27.0	28.0	29.0	30.0	31.0	32.0	33.0	34.0	35.0	36.0	37.0
SRR13060217_2	15.0	645.0	1520.0	1852.0	2099.0	2260.0	2351.0	2282.0	2051.0	1663.0	1163.0	537.0	104.0	1.0
	28.0	29.0	30.0	31.0	32.0	33.0	34.0	35.0	36.0	37.0
SRR13060218_1	25.0	769.0	3561.0	5589.0	6276.0	6816.0	7319.0	8035.0	8251.0	4339.0
	24.0	25.0	26.0	27.0	28.0	29.0	30.0	31.0	32.0	33.0	34.0	35.0	36.0	37.0
SRR13060218_2	6.0	335.0	1025.0	1660.0	2494.0	3419.0	4682.0	5770.0	6865.0	7528.0	7448.0	6385.0	3105.0	258.0
	28.0	29.0	30.0	31.0	32.0	33.0	34.0	35.0	36.0	37.0	38.0
SRR13060219_1	12.0	546.0	2768.0	4777.0	5780.0	6599.0	7222.0	8042.0	8794.0	4681.0	3.0
	24.0	25.0	26.0	27.0	28.0	29.0	30.0	31.0	32.0	33.0	34.0	35.0	36.0	37.0
SRR13060219_2	25.0	931.0	2495.0	3699.0	4596.0	5626.0	6291.0	6463.0	6233.0	5605.0	4355.0	2378.0	520.0	7.0
	28.0	29.0	30.0	31.0	32.0	33.0	34.0	35.0	36.0	37.0
SRR13060221_1	17.0	620.0	3078.0	5151.0	6084.0	6813.0	7812.0	8459.0	9211.0	4581.0
	24.0	25.0	26.0	27.0	28.0	29.0	30.0	31.0	32.0	33.0	34.0	35.0	36.0	37.0
SRR13060221_2	13.0	456.0	1380.0	2195.0	3122.0	4264.0	5485.0	6356.0	7204.0	7311.0	6671.0	5046.0	2159.0	164.0
	28.0	29.0	30.0	31.0	32.0	33.0	34.0	35.0	36.0	37.0	38.0
SRR13060222_1	12.0	358.0	1585.0	2504.0	2927.0	3315.0	3864.0	4699.0	5388.0	2706.0	1.0
	24.0	25.0	26.0	27.0	28.0	29.0	30.0	31.0	32.0	33.0	34.0	35.0	36.0	37.0
SRR13060222_2	3.0	200.0	667.0	1044.0	1492.0	2151.0	2690.0	3293.0	3755.0	3849.0	3626.0	2878.0	1534.0	177.0
	28.0	29.0	30.0	31.0	32.0	33.0	34.0	35.0	36.0	37.0
SRR13060223_1	17.0	530.0	2521.0	3943.0	4731.0	5411.0	6342.0	7229.0	7929.0	3870.0
	24.0	25.0	26.0	27.0	28.0	29.0	30.0	31.0	32.0	33.0	34.0	35.0	36.0	37.0
SRR13060223_2	8.0	658.0	1806.0	2534.0	3342.0	4189.0	4952.0	5433.0	5514.0	5405.0	4501.0	3053.0	1077.0	51.0
	28.0	29.0	30.0	31.0	32.0	33.0	34.0	35.0	36.0	37.0
SRR13060224_1	18.0	413.0	2077.0	3782.0	4749.0	4910.0	5597.0	6440.0	7615.0	3687.0
	24.0	25.0	26.0	27.0	28.0	29.0	30.0	31.0	32.0	33.0	34.0	35.0	36.0	37.0
SRR13060224_2	24.0	864.0	2372.0	3334.0	4207.0	4716.0	5143.0	5064.0	4857.0	4087.0	2885.0	1464.0	266.0	5.0
	28.0	29.0	30.0	31.0	32.0	33.0	34.0	35.0	36.0	37.0	38.0
SRR13060225_1	20.0	491.0	2525.0	4456.0	5344.0	5710.0	6157.0	7052.0	7784.0	4021.0	1.0
	24.0	25.0	26.0	27.0	28.0	29.0	30.0	31.0	32.0	33.0	34.0	35.0	36.0	37.0
SRR13060225_2	11.0	832.0	2260.0	3122.0	3843.0	4863.0	5282.0	5626.0	5681.0	4975.0	3941.0	2398.0	696.0	31.0
	28.0	29.0	30.0	31.0	32.0	33.0	34.0	35.0	36.0	37.0	38.0
SRR13060226_1	11.0	500.0	2315.0	4048.0	5026.0	5011.0	5396.0	6347.0	7289.0	3893.0	1.0
	24.0	25.0	26.0	27.0	28.0	29.0	30.0	31.0	32.0	33.0	34.0	35.0	36.0	37.0
SRR13060226_2	8.0	280.0	920.0	1474.0	2198.0	3045.0	3901.0	4845.0	5440.0	5780.0	5539.0	4220.0	2023.0	164.0
	28.0	29.0	30.0	31.0	32.0	33.0	34.0	35.0	36.0	37.0
SRR13060228_1	11.0	463.0	2233.0	3954.0	4801.0	4945.0	5301.0	6142.0	6572.0	3433.0
	24.0	25.0	26.0	27.0	28.0	29.0	30.0	31.0	32.0	33.0	34.0	35.0	36.0	37.0
SRR13060228_2	6.0	296.0	1039.0	1646.0	2376.0	3204.0	4135.0	4771.0	5204.0	5239.0	4726.0	3553.0	1533.0	127.0
	28.0	29.0	30.0	31.0	32.0	33.0	34.0	35.0	36.0	37.0
SRR13060229_1	10.0	274.0	1325.0	2157.0	2501.0	2810.0	3108.0	3641.0	4250.0	2311.0
	24.0	25.0	26.0	27.0	28.0	29.0	30.0	31.0	32.0	33.0	34.0	35.0	36.0	37.0
SRR13060229_2	2.0	160.0	497.0	803.0	1218.0	1637.0	2225.0	2740.0	2996.0	3238.0	3096.0	2507.0	1190.0	78.0
	28.0	29.0	30.0	31.0	32.0	33.0	34.0	35.0	36.0	37.0	38.0
SRR13060230_1	13.0	419.0	2102.0	3442.0	4002.0	4085.0	4449.0	4728.0	5200.0	2690.0	2.0
	24.0	25.0	26.0	27.0	28.0	29.0	30.0	31.0	32.0	33.0	34.0	35.0	36.0	37.0
SRR13060230_2	5.0	274.0	782.0	1216.0	1737.0	2507.0	3258.0	3818.0	4272.0	4351.0	4079.0	3226.0	1478.0	129.0
	28.0	29.0	30.0	31.0	32.0	33.0	34.0	35.0	36.0	37.0
SRR13060231_1	13.0	546.0	2795.0	4273.0	5066.0	5635.0	6392.0	6827.0	6297.0	2354.0
	24.0	25.0	26.0	27.0	28.0	29.0	30.0	31.0	32.0	33.0	34.0	35.0	36.0	37.0
SRR13060231_2	7.0	596.0	1758.0	2590.0	3346.0	4226.0	4885.0	5332.0	5380.0	5028.0	4055.0	2350.0	628.0	17.0
	28.0	29.0	30.0	31.0	32.0	33.0	34.0	35.0	36.0	37.0	38.0
SRR13060232_1	9.0	465.0	2246.0	3788.0	4627.0	4946.0	5626.0	6236.0	7102.0	3844.0	1.0
	24.0	25.0	26.0	27.0	28.0	29.0	30.0	31.0	32.0	33.0	34.0	35.0	36.0	37.0
SRR13060232_2	15.0	525.0	1427.0	2092.0	2844.0	3433.0	4141.0	4935.0	5221.0	5124.0	4501.0	3308.0	1244.0	80.0
	28.0	29.0	30.0	31.0	32.0	33.0	34.0	35.0	36.0	37.0
SRR13060233_1	16.0	344.0	1751.0	3069.0	3660.0	4193.0	4992.0	5619.0	6903.0	3343.0
	24.0	25.0	26.0	27.0	28.0	29.0	30.0	31.0	32.0	33.0	34.0	35.0	36.0	37.0
SRR13060233_2	5.0	270.0	825.0	1398.0	1965.0	2665.0	3419.0	3993.0	4567.0	4725.0	4645.0	3651.0	1641.0	121.0
	28.0	29.0	30.0	31.0	32.0	33.0	34.0	35.0	36.0	37.0
SRR13060234_1	20.0	611.0	3037.0	4532.0	5071.0	5679.0	6479.0	7094.0	7915.0	3312.0
	24.0	25.0	26.0	27.0	28.0	29.0	30.0	31.0	32.0	33.0	34.0	35.0	36.0	37.0
SRR13060234_2	4.0	331.0	995.0	1582.0	2398.0	3356.0	4399.0	5554.0	6116.0	6471.0	5883.0	4469.0	2042.0	150.0
	28.0	29.0	30.0	31.0	32.0	33.0	34.0	35.0	36.0	37.0	38.0
SRR13060235_1	9.0	499.0	2507.0	3991.0	4777.0	4944.0	5507.0	6485.0	6917.0	3319.0	1.0
	24.0	25.0	26.0	27.0	28.0	29.0	30.0	31.0	32.0	33.0	34.0	35.0	36.0	37.0
SRR13060235_2	2.0	202.0	716.0	1273.0	1895.0	2803.0	3623.0	4555.0	5274.0	5799.0	5579.0	4599.0	2415.0	221.0
	28.0	29.0	30.0	31.0	32.0	33.0	34.0	35.0	36.0	37.0	38.0
SRR13060236_1	19.0	595.0	2842.0	4463.0	5141.0	5397.0	5866.0	6412.0	6745.0	3166.0	3.0
	24.0	25.0	26.0	27.0	28.0	29.0	30.0	31.0	32.0	33.0	34.0	35.0	36.0	37.0
SRR13060236_2	14.0	549.0	1579.0	2244.0	3030.0	3841.0	4583.0	5018.0	5317.0	5344.0	4505.0	3239.0	1299.0	87.0
	28.0	29.0	30.0	31.0	32.0	33.0	34.0	35.0	36.0	37.0
SRR13060237_1	24.0	457.0	2279.0	3677.0	4395.0	4891.0	5705.0	6623.0	7356.0	3400.0
	24.0	25.0	26.0	27.0	28.0	29.0	30.0	31.0	32.0	33.0	34.0	35.0	36.0	37.0
SRR13060237_2	8.0	413.0	1355.0	2060.0	2821.0	3681.0	4486.0	5071.0	5306.0	5060.0	4329.0	3046.0	1105.0	66.0
	28.0	29.0	30.0	31.0	32.0	33.0	34.0	35.0	36.0	37.0	38.0
SRR13060240_1	15.0	560.0	2851.0	4678.0	5452.0	5621.0	6070.0	6580.0	6605.0	3215.0	1.0
	24.0	25.0	26.0	27.0	28.0	29.0	30.0	31.0	32.0	33.0	34.0	35.0	36.0	37.0
SRR13060240_2	5.0	343.0	890.0	1503.0	2206.0	3136.0	4004.0	4870.0	5748.0	6134.0	5799.0	4629.0	2202.0	179.0
	27.0	28.0	29.0	30.0	31.0	32.0	33.0	34.0	35.0	36.0	37.0
SRR13060241_1	1.0	13.0	721.0	3385.0	5448.0	6502.0	6656.0	7471.0	8197.0	8727.0	4280.0
	24.0	25.0	26.0	27.0	28.0	29.0	30.0	31.0	32.0	33.0	34.0	35.0	36.0	37.0
SRR13060241_2	10.0	385.0	1036.0	1847.0	2631.0	3784.0	5005.0	6347.0	7208.0	7544.0	7122.0	5702.0	2562.0	218.0
	28.0	29.0	30.0	31.0	32.0	33.0	34.0	35.0	36.0	37.0
SRR13060242_1	24.0	602.0	2870.0	4641.0	5330.0	5626.0	6034.0	6525.0	6863.0	3263.0
	24.0	25.0	26.0	27.0	28.0	29.0	30.0	31.0	32.0	33.0	34.0	35.0	36.0	37.0
SRR13060242_2	9.0	287.0	913.0	1520.0	2185.0	3078.0	4242.0	5198.0	6031.0	6115.0	5696.0	4337.0	2023.0	144.0
	28.0	29.0	30.0	31.0	32.0	33.0	34.0	35.0	36.0	37.0	38.0
SRR13060243_1	11.0	623.0	3002.0	4308.0	5085.0	5616.0	6044.0	6802.0	7436.0	3688.0	2.0
	24.0	25.0	26.0	27.0	28.0	29.0	30.0	31.0	32.0	33.0	34.0	35.0	36.0	37.0
SRR13060243_2	4.0	298.0	870.0	1402.0	2239.0	3031.0	3984.0	5029.0	5807.0	6260.0	6059.0	4971.0	2475.0	188.0
	28.0	29.0	30.0	31.0	32.0	33.0	34.0	35.0	36.0	37.0	38.0
SRR13060244_1	21.0	591.0	3002.0	4857.0	5788.0	6119.0	6453.0	6882.0	7306.0	3563.0	1.0
	24.0	25.0	26.0	27.0	28.0	29.0	30.0	31.0	32.0	33.0	34.0	35.0	36.0	37.0
SRR13060244_2	20.0	653.0	1758.0	2543.0	3496.0	4510.0	5408.0	5845.0	5965.0	5752.0	4719.0	3036.0	851.0	27.0
	28.0	29.0	30.0	31.0	32.0	33.0	34.0	35.0	36.0	37.0	38.0
SRR13060245_1	10.0	424.0	2124.0	3287.0	4026.0	4514.0	5206.0	6123.0	6729.0	3660.0	1.0
	24.0	25.0	26.0	27.0	28.0	29.0	30.0	31.0	32.0	33.0	34.0	35.0	36.0	37.0
SRR13060245_2	5.0	233.0	915.0	1493.0	2187.0	3003.0	3784.0	4617.0	4923.0	4986.0	4641.0	3601.0	1601.0	115.0
	28.0	29.0	30.0	31.0	32.0	33.0	34.0	35.0	36.0	37.0	38.0
SRR13060246_1	27.0	619.0	2736.0	4631.0	5507.0	5928.0	6280.0	7078.0	7518.0	3981.0	1.0
	24.0	25.0	26.0	27.0	28.0	29.0	30.0	31.0	32.0	33.0	34.0	35.0	36.0	37.0
SRR13060246_2	23.0	898.0	2308.0	3441.0	4351.0	5202.0	5866.0	6069.0	5535.0	4772.0	3560.0	1872.0	404.0	5.0
	28.0	29.0	30.0	31.0	32.0	33.0	34.0	35.0	36.0	37.0
SRR13060313_1	9.0	416.0	2132.0	3240.0	3724.0	4413.0	5100.0	6510.0	7442.0	2469.0
	24.0	25.0	26.0	27.0	28.0	29.0	30.0	31.0	32.0	33.0	34.0	35.0	36.0	37.0
SRR13060313_2	8.0	452.0	1730.0	2559.0	3391.0	3933.0	4581.0	4570.0	4669.0	4239.0	3144.0	1738.0	429.0	12.0
	28.0	29.0	30.0	31.0	32.0	33.0	34.0	35.0	36.0	37.0	38.0
SRR13060314_1	21.0	623.0	3075.0	4851.0	5691.0	6373.0	6908.0	7783.0	8235.0	3900.0	7.0
	24.0	25.0	26.0	27.0	28.0	29.0	30.0	31.0	32.0	33.0	34.0	35.0	36.0	37.0
SRR13060314_2	18.0	784.0	2445.0	3422.0	4546.0	5419.0	5990.0	6164.0	5918.0	5302.0	4244.0	2560.0	633.0	22.0
	28.0	29.0	30.0	31.0	32.0	33.0	34.0	35.0	36.0	37.0	38.0
SRR13060315_1	14.0	505.0	2151.0	3230.0	3839.0	4117.0	4643.0	5143.0	5440.0	2628.0	1.0
	24.0	25.0	26.0	27.0	28.0	29.0	30.0	31.0	32.0	33.0	34.0	35.0	36.0	37.0
SRR13060315_2	12.0	403.0	1261.0	1960.0	2489.0	3128.0	3657.0	4048.0	4104.0	4033.0	3446.0	2324.0	810.0	36.0
	28.0	29.0	30.0	31.0	32.0	33.0	34.0	35.0	36.0	37.0
SRR13060316_1	3.0	449.0	2687.0	4012.0	4701.0	5149.0	5705.0	6180.0	4547.0	280.0
	24.0	25.0	26.0	27.0	28.0	29.0	30.0	31.0	32.0	33.0	34.0	35.0	36.0	37.0
SRR13060316_2	6.0	379.0	1440.0	2105.0	2816.0	3605.0	4425.0	4749.0	4628.0	4258.0	3231.0	1641.0	418.0	12.0
	28.0	29.0	30.0	31.0	32.0	33.0	34.0	35.0	36.0	37.0
SRR13060317_1	3.0	343.0	1308.0	1730.0	1773.0	1932.0	2134.0	2461.0	2341.0	538.0
	24.0	25.0	26.0	27.0	28.0	29.0	30.0	31.0	32.0	33.0	34.0	35.0	36.0	37.0
SRR13060317_2	9.0	204.0	628.0	949.0	1265.0	1573.0	1797.0	1958.0	1906.0	1799.0	1444.0	806.0	220.0	5.0
	28.0	29.0	30.0	31.0	32.0	33.0	34.0	35.0	36.0	37.0
SRR13060318_1	7.0	225.0	1223.0	2007.0	2352.0	2190.0	2296.0	2594.0	2545.0	1050.0
	24.0	25.0	26.0	27.0	28.0	29.0	30.0	31.0	32.0	33.0	34.0	35.0	36.0	37.0
SRR13060318_2	1.0	110.0	483.0	901.0	1299.0	1742.0	2130.0	2332.0	2389.0	2114.0	1676.0	1001.0	294.0	17.0
	28.0	29.0	30.0	31.0	32.0	33.0	34.0	35.0	36.0	37.0	38.0
SRR13060319_1	5.0	490.0	2743.0	4541.0	5008.0	4927.0	4939.0	4697.0	3802.0	1341.0	1.0
	24.0	25.0	26.0	27.0	28.0	29.0	30.0	31.0	32.0	33.0	34.0	35.0	36.0	37.0
SRR13060319_2	1.0	144.0	591.0	1187.0	1769.0	2676.0	3573.0	4312.0	4850.0	4969.0	4366.0	2954.0	1025.0	77.0
	28.0	29.0	30.0	31.0	32.0	33.0	34.0	35.0	36.0	37.0
SRR13060320_1	14.0	517.0	2877.0	3982.0	4292.0	4737.0	4970.0	5241.0	3875.0	1053.0
	24.0	25.0	26.0	27.0	28.0	29.0	30.0	31.0	32.0	33.0	34.0	35.0	36.0	37.0
SRR13060320_2	8.0	181.0	795.0	1358.0	2099.0	2932.0	3728.0	4095.0	4614.0	4422.0	3876.0	2422.0	947.0	81.0
	28.0	29.0	30.0	31.0	32.0	33.0	34.0	35.0	36.0	37.0
SRR13060322_1	11.0	588.0	2872.0	4182.0	4614.0	5223.0	5507.0	5095.0	3412.0	491.0
	24.0	25.0	26.0	27.0	28.0	29.0	30.0	31.0	32.0	33.0	34.0	35.0	36.0	37.0
SRR13060322_2	5.0	328.0	1202.0	2055.0	2989.0	3759.0	4406.0	4724.0	4457.0	3887.0	2736.0	1182.0	253.0	12.0
	28.0	29.0	30.0	31.0	32.0	33.0	34.0	35.0	36.0	37.0
SRR13060323_1	12.0	530.0	2333.0	3227.0	3511.0	3855.0	4450.0	4876.0	4605.0	921.0
	24.0	25.0	26.0	27.0	28.0	29.0	30.0	31.0	32.0	33.0	34.0	35.0	36.0	37.0
SRR13060323_2	9.0	469.0	1466.0	1979.0	2613.0	3288.0	3538.0	3633.0	3485.0	3109.0	2546.0	1536.0	615.0	34.0
	28.0	29.0	30.0	31.0	32.0	33.0	34.0	35.0	36.0	37.0
SRR13060324_1	22.0	713.0	3279.0	4729.0	5524.0	6318.0	7172.0	8331.0	9368.0	4214.0
	24.0	25.0	26.0	27.0	28.0	29.0	30.0	31.0	32.0	33.0	34.0	35.0	36.0	37.0
SRR13060324_2	12.0	400.0	1174.0	1886.0	2774.0	3664.0	4855.0	5920.0	6629.0	7160.0	6842.0	5401.0	2665.0	288.0
	27.0	28.0	29.0	30.0	31.0	32.0	33.0	34.0	35.0	36.0	37.0
SRR13060325_1	1.0	26.0	1094.0	3387.0	3936.0	4031.0	3950.0	3610.0	3587.0	3518.0	1185.0
	24.0	25.0	26.0	27.0	28.0	29.0	30.0	31.0	32.0	33.0	34.0	35.0	36.0	37.0
SRR13060325_2	5.0	226.0	666.0	1161.0	1730.0	2596.0	3374.0	4025.0	4220.0	4128.0	3339.0	2106.0	712.0	37.0
	28.0	29.0	30.0	31.0	32.0	33.0	34.0	35.0	36.0	37.0	38.0
SRR13060326_1	19.0	730.0	2956.0	3895.0	4350.0	4460.0	4771.0	4998.0	4380.0	1103.0	1.0
	24.0	25.0	26.0	27.0	28.0	29.0	30.0	31.0	32.0	33.0	34.0	35.0	36.0	37.0
SRR13060326_2	3.0	288.0	778.0	1203.0	1920.0	2778.0	3659.0	4336.0	4549.0	4515.0	3894.0	2743.0	955.0	42.0
	28.0	29.0	30.0	31.0	32.0	33.0	34.0	35.0	36.0	37.0
SRR13060327_1	13.0	550.0	2573.0	3625.0	3889.0	4401.0	4956.0	5424.0	5376.0	1787.0
	24.0	25.0	26.0	27.0	28.0	29.0	30.0	31.0	32.0	33.0	34.0	35.0	36.0	37.0
SRR13060327_2	3.0	172.0	504.0	805.0	1187.0	1846.0	2640.0	3464.0	4568.0	5070.0	5039.0	4478.0	2524.0	294.0
	28.0	29.0	30.0	31.0	32.0	33.0	34.0	35.0	36.0	37.0	38.0
SRR13060328_1	13.0	383.0	2123.0	3919.0	4684.0	4670.0	4687.0	4871.0	5342.0	2539.0	1.0
	24.0	25.0	26.0	27.0	28.0	29.0	30.0	31.0	32.0	33.0	34.0	35.0	36.0	37.0
SRR13060328_2	18.0	611.0	1533.0	2101.0	2631.0	3313.0	3916.0	4282.0	4231.0	4126.0	3318.0	2332.0	769.0	51.0
	28.0	29.0	30.0	31.0	32.0	33.0	34.0	35.0	36.0	37.0
SRR13060329_1	24.0	838.0	4062.0	5432.0	5726.0	5895.0	6211.0	6081.0	5152.0	1537.0
	24.0	25.0	26.0	27.0	28.0	29.0	30.0	31.0	32.0	33.0	34.0	35.0	36.0	37.0
SRR13060329_2	14.0	586.0	1828.0	2835.0	3826.0	4687.0	5392.0	5654.0	5379.0	4717.0	3475.0	2048.0	504.0	13.0
	28.0	29.0	30.0	31.0	32.0	33.0	34.0	35.0	36.0	37.0
SRR13060330_1	44.0	1239.0	5050.0	6491.0	6723.0	7205.0	7336.0	6903.0	5659.0	1953.0
	24.0	25.0	26.0	27.0	28.0	29.0	30.0	31.0	32.0	33.0	34.0	35.0	36.0	37.0
SRR13060330_2	8.0	448.0	1256.0	2080.0	3289.0	4670.0	5828.0	6860.0	7042.0	6590.0	5493.0	3601.0	1375.0	63.0
	28.0	29.0	30.0	31.0	32.0	33.0	34.0	35.0	36.0	37.0	38.0
SRR13060331_1	4.0	329.0	2093.0	3480.0	4262.0	5311.0	6379.0	7317.0	7640.0	4033.0	1.0
	24.0	25.0	26.0	27.0	28.0	29.0	30.0	31.0	32.0	33.0	34.0	35.0	36.0	37.0
SRR13060331_2	29.0	1657.0	4751.0	5471.0	5645.0	5455.0	4993.0	4418.0	3566.0	2585.0	1523.0	643.0	112.0	1.0
	28.0	29.0	30.0	31.0	32.0	33.0	34.0	35.0	36.0	37.0
SRR13060333_1	10.0	447.0	2432.0	3808.0	4494.0	5231.0	6100.0	6666.0	6965.0	3572.0
	24.0	25.0	26.0	27.0	28.0	29.0	30.0	31.0	32.0	33.0	34.0	35.0	36.0	37.0
SRR13060333_2	6.0	723.0	2438.0	3301.0	4283.0	5012.0	5127.0	5008.0	4784.0	3972.0	3136.0	1560.0	368.0	7.0
	28.0	29.0	30.0	31.0	32.0	33.0	34.0	35.0	36.0	37.0
SRR13060334_1	14.0	405.0	1867.0	2772.0	3373.0	3762.0	3888.0	3939.0	3627.0	1824.0
	24.0	25.0	26.0	27.0	28.0	29.0	30.0	31.0	32.0	33.0	34.0	35.0	36.0	37.0
SRR13060334_2	8.0	143.0	588.0	1015.0	1501.0	2090.0	2684.0	3266.0	3708.0	3635.0	3444.0	2373.0	941.0	75.0
	28.0	29.0	30.0	31.0	32.0	33.0	34.0	35.0	36.0	37.0
SRR13060335_1	13.0	774.0	3905.0	5418.0	5964.0	6354.0	6367.0	5914.0	4374.0	937.0
	24.0	25.0	26.0	27.0	28.0	29.0	30.0	31.0	32.0	33.0	34.0	35.0	36.0	37.0
SRR13060335_2	10.0	569.0	1867.0	2751.0	3667.0	4624.0	5102.0	5472.0	5329.0	4588.0	3439.0	1938.0	635.0	29.0
	28.0	29.0	30.0	31.0	32.0	33.0	34.0	35.0	36.0	37.0
SRR13060336_1	15.0	748.0	4126.0	5933.0	6815.0	7414.0	8237.0	7617.0	4739.0	1509.0
	24.0	25.0	26.0	27.0	28.0	29.0	30.0	31.0	32.0	33.0	34.0	35.0	36.0	37.0
SRR13060336_2	8.0	513.0	2064.0	3180.0	4406.0	5437.0	6214.0	6642.0	6381.0	5519.0	4144.0	2028.0	590.0	27.0
	28.0	29.0	30.0	31.0	32.0	33.0	34.0	35.0	36.0	37.0
SRR13060337_1	18.0	697.0	3266.0	4979.0	5506.0	5686.0	6267.0	6322.0	5460.0	2602.0
	24.0	25.0	26.0	27.0	28.0	29.0	30.0	31.0	32.0	33.0	34.0	35.0	36.0	37.0
SRR13060337_2	4.0	218.0	674.0	1207.0	1911.0	2977.0	4080.0	5123.0	5728.0	6252.0	5950.0	4481.0	1992.0	206.0
	28.0	29.0	30.0	31.0	32.0	33.0	34.0	35.0	36.0	37.0	38.0
SRR13060338_1	17.0	699.0	3877.0	6111.0	7085.0	7601.0	8106.0	7265.0	5220.0	2281.0	1.0
	24.0	25.0	26.0	27.0	28.0	29.0	30.0	31.0	32.0	33.0	34.0	35.0	36.0	37.0
SRR13060338_2	8.0	446.0	1506.0	2391.0	3533.0	4669.0	5718.0	6401.0	6751.0	6481.0	5420.0	3568.0	1274.0	97.0
	28.0	29.0	30.0	31.0	32.0	33.0	34.0	35.0	36.0	37.0
SRR13060339_1	8.0	459.0	2876.0	4147.0	4755.0	5115.0	5529.0	5319.0	3242.0	298.0
	24.0	25.0	26.0	27.0	28.0	29.0	30.0	31.0	32.0	33.0	34.0	35.0	36.0	37.0
SRR13060339_2	2.0	209.0	998.0	1660.0	2511.0	3336.0	4111.0	4525.0	4729.0	4248.0	3321.0	1737.0	353.0	8.0
	28.0	29.0	30.0	31.0	32.0	33.0	34.0	35.0	36.0	37.0
SRR13060340_1	16.0	591.0	2800.0	4325.0	5148.0	5777.0	6510.0	7105.0	7325.0	3747.0
	24.0	25.0	26.0	27.0	28.0	29.0	30.0	31.0	32.0	33.0	34.0	35.0	36.0	37.0
SRR13060340_2	5.0	224.0	760.0	1344.0	2089.0	2967.0	4009.0	5275.0	6016.0	6454.0	6404.0	5148.0	2433.0	216.0
	28.0	29.0	30.0	31.0	32.0	33.0	34.0	35.0	36.0	37.0	38.0
SRR13060341_1	16.0	542.0	2767.0	4479.0	5228.0	5883.0	6957.0	7689.0	8297.0	4834.0	1.0
	24.0	25.0	26.0	27.0	28.0	29.0	30.0	31.0	32.0	33.0	34.0	35.0	36.0	37.0
SRR13060341_2	12.0	588.0	1647.0	2449.0	3392.0	4325.0	5150.0	6122.0	6410.0	6125.0	5359.0	3745.0	1293.0	76.0
	28.0	29.0	30.0	31.0	32.0	33.0	34.0	35.0	36.0	37.0
SRR13060342_1	19.0	666.0	3293.0	5503.0	6348.0	6767.0	7615.0	8248.0	8420.0	4111.0
	24.0	25.0	26.0	27.0	28.0	29.0	30.0	31.0	32.0	33.0	34.0	35.0	36.0	37.0
SRR13060342_2	9.0	408.0	1242.0	2029.0	2916.0	3992.0	5276.0	6306.0	7095.0	7333.0	6769.0	5259.0	2170.0	186.0
	27.0	28.0	29.0	30.0	31.0	32.0	33.0	34.0	35.0	36.0	37.0
SRR13060344_1	1.0	8.0	418.0	2062.0	3266.0	4060.0	4976.0	5992.0	7291.0	9404.0	5499.0
	24.0	25.0	26.0	27.0	28.0	29.0	30.0	31.0	32.0	33.0	34.0	35.0	36.0	37.0
SRR13060344_2	8.0	680.0	2300.0	3397.0	4262.0	5126.0	5549.0	5718.0	5459.0	4776.0	3403.0	1842.0	447.0	10.0
	28.0	29.0	30.0	31.0	32.0	33.0	34.0	35.0	36.0	37.0
SRR13060345_1	11.0	276.0	1161.0	1622.0	2004.0	2430.0	3085.0	3812.0	5177.0	3167.0
	24.0	25.0	26.0	27.0	28.0	29.0	30.0	31.0	32.0	33.0	34.0	35.0	36.0	37.0
SRR13060345_2	3.0	148.0	635.0	1106.0	1552.0	2140.0	2540.0	2948.0	3160.0	3198.0	2793.0	1845.0	624.0	53.0
	28.0	29.0	30.0	31.0	32.0	33.0	34.0	35.0	36.0	37.0	38.0
SRR13060346_1	19.0	463.0	2093.0	3143.0	3952.0	4925.0	5874.0	7142.0	8559.0	5325.0	1.0
	24.0	25.0	26.0	27.0	28.0	29.0	30.0	31.0	32.0	33.0	34.0	35.0	36.0	37.0
SRR13060346_2	15.0	667.0	1800.0	2511.0	3285.0	4063.0	4713.0	5079.0	5336.0	4962.0	4543.0	3202.0	1231.0	89.0
	28.0	29.0	30.0	31.0	32.0	33.0	34.0	35.0	36.0	37.0	38.0
SRR13060347_1	23.0	554.0	2749.0	4512.0	5644.0	6293.0	7159.0	8125.0	9066.0	5202.0	1.0
	24.0	25.0	26.0	27.0	28.0	29.0	30.0	31.0	32.0	33.0	34.0	35.0	36.0	37.0
SRR13060347_2	12.0	866.0	2466.0	3419.0	4319.0	5032.0	5767.0	6150.0	6322.0	5827.0	4866.0	3195.0	1031.0	56.0
	28.0	29.0	30.0	31.0	32.0	33.0	34.0	35.0	36.0	37.0
SRR13060348_1	24.0	500.0	2596.0	4194.0	4844.0	5507.0	6182.0	6521.0	6234.0	3090.0
	24.0	25.0	26.0	27.0	28.0	29.0	30.0	31.0	32.0	33.0	34.0	35.0	36.0	37.0
SRR13060348_2	14.0	666.0	1680.0	2503.0	3302.0	3952.0	4629.0	5121.0	5174.0	4967.0	4286.0	2584.0	773.0	41.0
	28.0	29.0	30.0	31.0	32.0	33.0	34.0	35.0	36.0	37.0
SRR13060349_1	24.0	570.0	2524.0	3896.0	4741.0	5613.0	6820.0	8365.0	9964.0	5827.0
	24.0	25.0	26.0	27.0	28.0	29.0	30.0	31.0	32.0	33.0	34.0	35.0	36.0	37.0
SRR13060349_2	11.0	551.0	1702.0	2523.0	3461.0	4359.0	5270.0	6050.0	6323.0	6219.0	5817.0	4190.0	1724.0	144.0
	28.0	29.0	30.0	31.0	32.0	33.0	34.0	35.0	36.0	37.0
SRR13060350_1	20.0	851.0	3576.0	4452.0	4777.0	5171.0	5402.0	5704.0	4796.0	586.0
	24.0	25.0	26.0	27.0	28.0	29.0	30.0	31.0	32.0	33.0	34.0	35.0	36.0	37.0
SRR13060350_2	12.0	313.0	1097.0	1620.0	2507.0	3360.0	4268.0	4848.0	5185.0	4914.0	4045.0	2365.0	757.0	44.0
	28.0	29.0	30.0	31.0	32.0	33.0	34.0	35.0	36.0	37.0
SRR13060351_1	7.0	585.0	3169.0	5561.0	6708.0	7289.0	7847.0	8174.0	7441.0	3355.0
	24.0	25.0	26.0	27.0	28.0	29.0	30.0	31.0	32.0	33.0	34.0	35.0	36.0	37.0
SRR13060351_2	30.0	963.0	2811.0	3958.0	5004.0	6085.0	6602.0	6789.0	6364.0	5373.0	3961.0	1876.0	313.0	7.0
	28.0	29.0	30.0	31.0	32.0	33.0	34.0	35.0	36.0	37.0	38.0
SRR13060352_1	36.0	1183.0	4388.0	5522.0	5751.0	5873.0	6199.0	6780.0	7139.0	2301.0	1.0
	24.0	25.0	26.0	27.0	28.0	29.0	30.0	31.0	32.0	33.0	34.0	35.0	36.0	37.0
SRR13060352_2	21.0	832.0	2187.0	3392.0	4361.0	5250.0	5921.0	6078.0	5669.0	5129.0	3625.0	2141.0	549.0	18.0
	28.0	29.0	30.0	31.0	32.0	33.0	34.0	35.0	36.0	37.0
SRR13060353_1	22.0	688.0	3315.0	4691.0	5641.0	6426.0	7432.0	8396.0	9186.0	4763.0
	24.0	25.0	26.0	27.0	28.0	29.0	30.0	31.0	32.0	33.0	34.0	35.0	36.0	37.0
SRR13060353_2	7.0	391.0	1151.0	1908.0	2686.0	3794.0	5244.0	6170.0	6813.0	7281.0	6764.0	5444.0	2692.0	215.0
	28.0	29.0	30.0	31.0	32.0	33.0	34.0	35.0	36.0	37.0	38.0
SRR13060355_1	14.0	429.0	1895.0	2927.0	3603.0	4153.0	5128.0	6208.0	7389.0	4080.0	1.0
	24.0	25.0	26.0	27.0	28.0	29.0	30.0	31.0	32.0	33.0	34.0	35.0	36.0	37.0
SRR13060355_2	1.0	481.0	1503.0	2148.0	2928.0	3553.0	4165.0	4600.0	4668.0	4438.0	3819.0	2529.0	937.0	57.0
	28.0	29.0	30.0	31.0	32.0	33.0	34.0	35.0	36.0	37.0
SRR13060356_1	23.0	750.0	3198.0	4825.0	5591.0	6309.0	7324.0	8647.0	9987.0	5482.0
	24.0	25.0	26.0	27.0	28.0	29.0	30.0	31.0	32.0	33.0	34.0	35.0	36.0	37.0
SRR13060356_2	7.0	438.0	1243.0	1852.0	2707.0	3800.0	5017.0	6133.0	7178.0	7328.0	7255.0	5980.0	2898.0	300.0
	27.0	28.0	29.0	30.0	31.0	32.0	33.0	34.0	35.0	36.0	37.0	38.0
SRR13060357_1	1.0	41.0	1141.0	2834.0	2895.0	2939.0	2735.0	2622.0	2676.0	2761.0	1349.0	1.0
	24.0	25.0	26.0	27.0	28.0	29.0	30.0	31.0	32.0	33.0	34.0	35.0	36.0	37.0
SRR13060357_2	4.0	149.0	366.0	564.0	890.0	1302.0	1805.0	2378.0	2955.0	3189.0	3394.0	3061.0	1760.0	178.0
	28.0	29.0	30.0	31.0	32.0	33.0	34.0	35.0	36.0	37.0
SRR13060358_1	23.0	558.0	2397.0	3692.0	4416.0	5070.0	5727.0	6778.0	7622.0	3737.0
	24.0	25.0	26.0	27.0	28.0	29.0	30.0	31.0	32.0	33.0	34.0	35.0	36.0	37.0
SRR13060358_2	35.0	978.0	2390.0	3136.0	3840.0	4472.0	4899.0	5015.0	4871.0	4339.0	3448.0	2028.0	550.0	19.0
	27.0	28.0	29.0	30.0	31.0	32.0	33.0	34.0	35.0	36.0	37.0	38.0
SRR13060359_1	1.0	44.0	1092.0	3505.0	4427.0	5017.0	5630.0	6096.0	6776.0	7639.0	4340.0	3.0
	24.0	25.0	26.0	27.0	28.0	29.0	30.0	31.0	32.0	33.0	34.0	35.0	36.0	37.0
SRR13060359_2	6.0	184.0	468.0	832.0	1400.0	2183.0	3405.0	4544.0	6037.0	6783.0	7080.0	6821.0	4339.0	488.0
	28.0	29.0	30.0	31.0	32.0	33.0	34.0	35.0	36.0	37.0
SRR13060360_1	27.0	919.0	4105.0	5795.0	6602.0	7349.0	7956.0	8263.0	8479.0	4210.0
	24.0	25.0	26.0	27.0	28.0	29.0	30.0	31.0	32.0	33.0	34.0	35.0	36.0	37.0
SRR13060360_2	3.0	306.0	994.0	1662.0	2594.0	3771.0	5015.0	6021.0	7148.0	7932.0	7687.0	6733.0	3510.0	329.0
	27.0	28.0	29.0	30.0	31.0	32.0	33.0	34.0	35.0	36.0	37.0
SRR13060361_1	1.0	48.0	1638.0	3733.0	3547.0	2951.0	2531.0	2054.0	1231.0	536.0	121.0
	24.0	25.0	26.0	27.0	28.0	29.0	30.0	31.0	32.0	33.0	34.0	35.0	36.0	37.0
SRR13060361_2	2.0	109.0	419.0	760.0	1190.0	1845.0	2385.0	2682.0	2799.0	2700.0	2162.0	1107.0	230.0	1.0
	27.0	28.0	29.0	30.0	31.0	32.0	33.0	34.0	35.0	36.0	37.0
SRR13060362_1	1.0	22.0	575.0	2884.0	4401.0	5243.0	6084.0	7107.0	7855.0	8933.0	4632.0
	24.0	25.0	26.0	27.0	28.0	29.0	30.0	31.0	32.0	33.0	34.0	35.0	36.0	37.0
SRR13060362_2	8.0	527.0	2004.0	3208.0	4204.0	5299.0	5940.0	6458.0	6589.0	6077.0	4552.0	2282.0	563.0	26.0
	28.0	29.0	30.0	31.0	32.0	33.0	34.0	35.0	36.0	37.0
SRR13060363_1	24.0	730.0	4129.0	7204.0	8757.0	8847.0	9251.0	9919.0	10121.0	4832.0
	24.0	25.0	26.0	27.0	28.0	29.0	30.0	31.0	32.0	33.0	34.0	35.0	36.0	37.0
SRR13060363_2	4.0	328.0	1329.0	2366.0	3805.0	5255.0	6750.0	8311.0	8990.0	9341.0	8322.0	6145.0	2677.0	191.0
	28.0	29.0	30.0	31.0	32.0	33.0	34.0	35.0	36.0	37.0
SRR13060364_1	17.0	581.0	2732.0	4265.0	5127.0	5651.0	6522.0	7438.0	8137.0	4486.0
	24.0	25.0	26.0	27.0	28.0	29.0	30.0	31.0	32.0	33.0	34.0	35.0	36.0	37.0
SRR13060364_2	5.0	274.0	1013.0	1607.0	2458.0	3378.0	4349.0	5510.0	6373.0	6672.0	6084.0	4814.0	2235.0	184.0
	28.0	29.0	30.0	31.0	32.0	33.0	34.0	35.0	36.0	37.0	38.0
SRR13060366_1	19.0	561.0	2877.0	4913.0	5783.0	6250.0	7113.0	8108.0	9028.0	4783.0	1.0
	24.0	25.0	26.0	27.0	28.0	29.0	30.0	31.0	32.0	33.0	34.0	35.0	36.0	37.0
SRR13060366_2	7.0	568.0	2001.0	3067.0	4117.0	5237.0	6237.0	6601.0	6597.0	6187.0	4918.0	3020.0	855.0	24.0
	28.0	29.0	30.0	31.0	32.0	33.0	34.0	35.0	36.0	37.0
SRR13060367_1	12.0	491.0	2384.0	4262.0	5220.0	5368.0	5808.0	6744.0	7679.0	4204.0
	24.0	25.0	26.0	27.0	28.0	29.0	30.0	31.0	32.0	33.0	34.0	35.0	36.0	37.0
SRR13060367_2	9.0	425.0	1305.0	2206.0	3104.0	3999.0	4960.0	5635.0	5799.0	5520.0	4730.0	3248.0	1152.0	80.0
	28.0	29.0	30.0	31.0	32.0	33.0	34.0	35.0	36.0	37.0
SRR13060368_1	4.0	327.0	1921.0	3111.0	3619.0	4345.0	5106.0	5935.0	5595.0	720.0
	24.0	25.0	26.0	27.0	28.0	29.0	30.0	31.0	32.0	33.0	34.0	35.0	36.0
SRR13060368_2	9.0	897.0	2823.0	3600.0	3952.0	4129.0	4152.0	3775.0	3119.0	2260.0	1370.0	518.0	79.0
	28.0	29.0	30.0	31.0	32.0	33.0	34.0	35.0	36.0	37.0
SRR13060369_1	32.0	787.0	3366.0	4629.0	5413.0	5927.0	6926.0	8107.0	10213.0	5360.0
	24.0	25.0	26.0	27.0	28.0	29.0	30.0	31.0	32.0	33.0	34.0	35.0	36.0	37.0
SRR13060369_2	13.0	464.0	1277.0	1960.0	2697.0	3804.0	4820.0	5974.0	6735.0	7118.0	6947.0	5704.0	2990.0	257.0
	28.0	29.0	30.0	31.0	32.0	33.0	34.0	35.0	36.0	37.0
SRR13060370_1	9.0	378.0	1910.0	3220.0	3775.0	4253.0	4802.0	5237.0	5404.0	2874.0
	24.0	25.0	26.0	27.0	28.0	29.0	30.0	31.0	32.0	33.0	34.0	35.0	36.0	37.0
SRR13060370_2	10.0	344.0	1116.0	1719.0	2286.0	2983.0	3513.0	4065.0	4318.0	4259.0	3654.0	2564.0	979.0	52.0
	28.0	29.0	30.0	31.0	32.0	33.0	34.0	35.0	36.0	37.0
SRR13060371_1	10.0	547.0	2829.0	3929.0	4030.0	4250.0	4181.0	4111.0	3100.0	339.0
	24.0	25.0	26.0	27.0	28.0	29.0	30.0	31.0	32.0	33.0	34.0	35.0	36.0	37.0
SRR13060371_2	12.0	500.0	1672.0	2361.0	3096.0	3604.0	3665.0	3818.0	3241.0	2697.0	1718.0	791.0	148.0	3.0
	28.0	29.0	30.0	31.0	32.0	33.0	34.0	35.0	36.0	37.0
SRR13060372_1	11.0	443.0	1960.0	3276.0	4094.0	5079.0	6030.0	7304.0	9132.0	5424.0
	24.0	25.0	26.0	27.0	28.0	29.0	30.0	31.0	32.0	33.0	34.0	35.0	36.0	37.0
SRR13060372_2	19.0	1064.0	2622.0	3487.0	4164.0	4721.0	5116.0	5379.0	5220.0	4522.0	3678.0	2149.0	585.0	27.0
	28.0	29.0	30.0	31.0	32.0	33.0	34.0	35.0	36.0	37.0
SRR13060373_1	7.0	207.0	1256.0	1920.0	2421.0	3005.0	3970.0	5262.0	6838.0	3043.0
	24.0	25.0	26.0	27.0	28.0	29.0	30.0	31.0	32.0	33.0	34.0	35.0	36.0	37.0
SRR13060373_2	52.0	1528.0	3346.0	3833.0	4115.0	3970.0	3738.0	3039.0	2176.0	1330.0	623.0	160.0	18.0	1.0
	28.0	29.0	30.0	31.0	32.0	33.0	34.0	35.0	36.0	37.0
SRR13060374_1	17.0	542.0	2556.0	3775.0	4513.0	5324.0	6405.0	7791.0	9360.0	4172.0
	24.0	25.0	26.0	27.0	28.0	29.0	30.0	31.0	32.0	33.0	34.0	35.0	36.0	37.0
SRR13060374_2	5.0	309.0	1082.0	1634.0	2504.0	3503.0	4404.0	5415.0	5908.0	6302.0	5915.0	4829.0	2442.0	203.0
	28.0	29.0	30.0	31.0	32.0	33.0	34.0	35.0	36.0	37.0
SRR13060377_1	3.0	249.0	1621.0	2898.0	3673.0	4329.0	5117.0	5787.0	4812.0	368.0
	24.0	25.0	26.0	27.0	28.0	29.0	30.0	31.0	32.0	33.0	34.0	35.0	36.0
SRR13060377_2	8.0	693.0	2909.0	3720.0	4196.0	4354.0	4165.0	3414.0	2625.0	1667.0	858.0	226.0	22.0
	28.0	29.0	30.0	31.0	32.0	33.0	34.0	35.0	36.0	37.0
SRR13060378_1	22.0	775.0	3310.0	4486.0	5261.0	5893.0	6398.0	6960.0	6744.0	2634.0
	24.0	25.0	26.0	27.0	28.0	29.0	30.0	31.0	32.0	33.0	34.0	35.0	36.0	37.0
SRR13060378_2	20.0	493.0	1284.0	1997.0	2832.0	3740.0	4660.0	5380.0	5851.0	5733.0	5138.0	3671.0	1569.0	115.0
	28.0	29.0	30.0	31.0	32.0	33.0	34.0	35.0	36.0	37.0
SRR13060379_1	30.0	1147.0	4145.0	5001.0	4991.0	5128.0	5098.0	5237.0	4670.0	1487.0
	24.0	25.0	26.0	27.0	28.0	29.0	30.0	31.0	32.0	33.0	34.0	35.0	36.0	37.0
SRR13060379_2	6.0	291.0	838.0	1304.0	2015.0	2839.0	3845.0	4562.0	5157.0	5305.0	4915.0	3854.0	1842.0	161.0
	28.0	29.0	30.0	31.0	32.0	33.0	34.0	35.0	36.0	37.0
SRR13060380_1	18.0	320.0	1113.0	1488.0	1797.0	1813.0	2101.0	2555.0	2776.0	996.0
	24.0	25.0	26.0	27.0	28.0	29.0	30.0	31.0	32.0	33.0	34.0	35.0	36.0	37.0
SRR13060380_2	6.0	167.0	464.0	653.0	881.0	1184.0	1498.0	1811.0	2131.0	2107.0	1950.0	1470.0	616.0	39.0
	28.0	29.0	30.0	31.0	32.0	33.0	34.0	35.0	36.0	37.0
SRR13060381_1	8.0	616.0	3457.0	4866.0	5269.0	5475.0	5604.0	5176.0	3634.0	452.0
	24.0	25.0	26.0	27.0	28.0	29.0	30.0	31.0	32.0	33.0	34.0	35.0	36.0	37.0
SRR13060381_2	2.0	294.0	1126.0	1797.0	2760.0	3542.0	4355.0	5116.0	4936.0	4640.0	3552.0	1911.0	500.0	26.0
	28.0	29.0	30.0	31.0	32.0	33.0	34.0	35.0	36.0	37.0
SRR13060382_1	22.0	441.0	2183.0	3878.0	4225.0	4163.0	4317.0	4692.0	4882.0	1894.0
	24.0	25.0	26.0	27.0	28.0	29.0	30.0	31.0	32.0	33.0	34.0	35.0	36.0	37.0
SRR13060382_2	16.0	389.0	903.0	1368.0	1871.0	2457.0	3127.0	3751.0	4207.0	4239.0	3948.0	3032.0	1312.0	77.0
	28.0	29.0	30.0	31.0	32.0	33.0	34.0	35.0	36.0	37.0
SRR13060383_1	15.0	695.0	3018.0	4242.0	4639.0	4805.0	4899.0	5160.0	4191.0	1535.0
	24.0	25.0	26.0	27.0	28.0	29.0	30.0	31.0	32.0	33.0	34.0	35.0	36.0	37.0
SRR13060383_2	4.0	237.0	857.0	1541.0	2332.0	3149.0	4021.0	4500.0	4725.0	4451.0	3722.0	2545.0	1053.0	62.0
	28.0	29.0	30.0	31.0	32.0	33.0	34.0	35.0	36.0	37.0
SRR13060384_1	12.0	401.0	2231.0	3315.0	3923.0	4483.0	4995.0	5222.0	5073.0	1929.0
	24.0	25.0	26.0	27.0	28.0	29.0	30.0	31.0	32.0	33.0	34.0	35.0	36.0	37.0
SRR13060384_2	7.0	428.0	1179.0	1902.0	2494.0	3093.0	3672.0	4105.0	4232.0	4086.0	3356.0	2248.0	740.0	42.0
	28.0	29.0	30.0	31.0	32.0	33.0	34.0	35.0	36.0	37.0	38.0
SRR13060385_1	18.0	623.0	2781.0	4168.0	4899.0	5736.0	6539.0	7649.0	9496.0	6621.0	2.0
	22.0	23.0	24.0	25.0	26.0	27.0	28.0	29.0	30.0	31.0	32.0	33.0	34.0	35.0	36.0	37.0
SRR13060385_2	1.0	0.0	16.0	309.0	1115.0	1872.0	2910.0	3878.0	5040.0	6318.0	7110.0	7085.0	6173.0	4399.0	2085.0	221.0
	28.0	29.0	30.0	31.0	32.0	33.0	34.0	35.0	36.0	37.0	38.0
SRR13060386_1	18.0	700.0	3132.0	4589.0	5621.0	6404.0	7131.0	8355.0	9556.0	5085.0	1.0
	24.0	25.0	26.0	27.0	28.0	29.0	30.0	31.0	32.0	33.0	34.0	35.0	36.0	37.0
SRR13060386_2	3.0	321.0	1131.0	1807.0	2790.0	3766.0	4842.0	6070.0	7043.0	7267.0	6948.0	5462.0	2876.0	266.0
	28.0	29.0	30.0	31.0	32.0	33.0	34.0	35.0	36.0	37.0	38.0
SRR13060387_1	17.0	443.0	2108.0	3269.0	3882.0	4372.0	4953.0	5652.0	6178.0	3758.0	3.0
	24.0	25.0	26.0	27.0	28.0	29.0	30.0	31.0	32.0	33.0	34.0	35.0	36.0	37.0
SRR13060387_2	6.0	552.0	1718.0	2555.0	3438.0	4040.0	4532.0	4817.0	4676.0	3753.0	2689.0	1428.0	416.0	15.0
	28.0	29.0	30.0	31.0	32.0	33.0	34.0	35.0	36.0	37.0
SRR13060388_1	3.0	390.0	2362.0	3532.0	4044.0	4462.0	5065.0	4976.0	3642.0	360.0
	24.0	25.0	26.0	27.0	28.0	29.0	30.0	31.0	32.0	33.0	34.0	35.0	36.0
SRR13060388_2	6.0	652.0	2322.0	3166.0	3583.0	3983.0	4107.0	3799.0	3260.0	2274.0	1290.0	370.0	24.0
	28.0	29.0	30.0	31.0	32.0	33.0	34.0	35.0	36.0	37.0
SRR13060390_1	7.0	270.0	1399.0	2464.0	3182.0	3319.0	3652.0	4158.0	4218.0	2233.0
	24.0	25.0	26.0	27.0	28.0	29.0	30.0	31.0	32.0	33.0	34.0	35.0	36.0	37.0
SRR13060390_2	9.0	400.0	1217.0	1755.0	2204.0	2803.0	3221.0	3399.0	3215.0	2824.0	2219.0	1278.0	337.0	21.0
	28.0	29.0	30.0	31.0	32.0	33.0	34.0	35.0	36.0	37.0
SRR13060391_1	22.0	616.0	3075.0	5021.0	6045.0	6220.0	6844.0	7769.0	8249.0	4257.0
	24.0	25.0	26.0	27.0	28.0	29.0	30.0	31.0	32.0	33.0	34.0	35.0	36.0	37.0
SRR13060391_2	7.0	461.0	1392.0	2196.0	2940.0	4073.0	5173.0	6039.0	6596.0	6546.0	6029.0	4484.0	2005.0	177.0
	28.0	29.0	30.0	31.0	32.0	33.0	34.0	35.0	36.0	37.0	38.0
SRR13060392_1	21.0	520.0	2645.0	4869.0	6035.0	6409.0	7139.0	8285.0	9356.0	4909.0	2.0
	24.0	25.0	26.0	27.0	28.0	29.0	30.0	31.0	32.0	33.0	34.0	35.0	36.0	37.0
SRR13060392_2	17.0	955.0	2510.0	3766.0	4931.0	5740.0	6501.0	6742.0	6503.0	5545.0	4169.0	2270.0	523.0	18.0
	28.0	29.0	30.0	31.0	32.0	33.0	34.0	35.0	36.0	37.0	38.0
SRR13060393_1	18.0	557.0	2671.0	4412.0	5367.0	5733.0	6224.0	7007.0	7268.0	4530.0	2.0
	24.0	25.0	26.0	27.0	28.0	29.0	30.0	31.0	32.0	33.0	34.0	35.0	36.0	37.0
SRR13060393_2	27.0	781.0	1878.0	2714.0	3563.0	4504.0	5305.0	5576.0	5646.0	5232.0	4532.0	2986.0	987.0	58.0
	28.0	29.0	30.0	31.0	32.0	33.0	34.0	35.0	36.0	37.0
SRR13060394_1	24.0	788.0	3391.0	4956.0	5949.0	7110.0	8285.0	9762.0	11297.0	6349.0
	24.0	25.0	26.0	27.0	28.0	29.0	30.0	31.0	32.0	33.0	34.0	35.0	36.0	37.0
SRR13060394_2	7.0	425.0	1418.0	2365.0	3406.0	4787.0	6192.0	7353.0	7891.0	8031.0	7600.0	5636.0	2590.0	210.0
	28.0	29.0	30.0	31.0	32.0	33.0	34.0	35.0	36.0	37.0
SRR13060395_1	28.0	773.0	2680.0	3276.0	3530.0	3883.0	4364.0	4852.0	5307.0	2403.0
	24.0	25.0	26.0	27.0	28.0	29.0	30.0	31.0	32.0	33.0	34.0	35.0	36.0	37.0
SRR13060395_2	15.0	810.0	2113.0	2844.0	3464.0	4103.0	4128.0	4007.0	3464.0	2869.0	2027.0	991.0	255.0	6.0
	28.0	29.0	30.0	31.0	32.0	33.0	34.0	35.0	36.0	37.0
SRR13060396_1	19.0	617.0	2823.0	4594.0	5432.0	5958.0	6718.0	7515.0	8450.0	4881.0
	24.0	25.0	26.0	27.0	28.0	29.0	30.0	31.0	32.0	33.0	34.0	35.0	36.0	37.0
SRR13060396_2	10.0	495.0	1647.0	2448.0	3111.0	4122.0	5145.0	5789.0	6255.0	6081.0	5572.0	4320.0	1875.0	137.0
	28.0	29.0	30.0	31.0	32.0	33.0	34.0	35.0	36.0	37.0
SRR13060397_1	12.0	638.0	3375.0	5324.0	6123.0	6062.0	6024.0	5656.0	4457.0	1872.0
	24.0	25.0	26.0	27.0	28.0	29.0	30.0	31.0	32.0	33.0	34.0	35.0	36.0	37.0
SRR13060397_2	7.0	335.0	1294.0	2137.0	3059.0	4136.0	5124.0	5539.0	5574.0	5179.0	4012.0	2327.0	783.0	37.0
	28.0	29.0	30.0	31.0	32.0	33.0	34.0	35.0	36.0	37.0
SRR13060398_1	16.0	575.0	3316.0	5018.0	5740.0	6512.0	6908.0	7007.0	5872.0	2744.0
	24.0	25.0	26.0	27.0	28.0	29.0	30.0	31.0	32.0	33.0	34.0	35.0	36.0	37.0
SRR13060398_2	3.0	266.0	1083.0	1754.0	2529.0	3682.0	4781.0	5683.0	6207.0	6469.0	5683.0	3879.0	1559.0	130.0
	28.0	29.0	30.0	31.0	32.0	33.0	34.0	35.0	36.0	37.0
SRR13060399_1	8.0	569.0	2395.0	3569.0	4449.0	5096.0	6247.0	7407.0	9012.0	5163.0
	24.0	25.0	26.0	27.0	28.0	29.0	30.0	31.0	32.0	33.0	34.0	35.0	36.0	37.0
SRR13060399_2	3.0	240.0	892.0	1452.0	2183.0	2986.0	3921.0	5121.0	5971.0	6326.0	6388.0	5370.0	2797.0	265.0
	28.0	29.0	30.0	31.0	32.0	33.0	34.0	35.0	36.0	37.0	38.0
SRR13060401_1	6.0	516.0	2511.0	3063.0	2984.0	2856.0	2515.0	2066.0	1483.0	291.0	1.0
	24.0	25.0	26.0	27.0	28.0	29.0	30.0	31.0	32.0	33.0	34.0	35.0	36.0	37.0
SRR13060401_2	11.0	183.0	613.0	903.0	1307.0	1768.0	2092.0	2457.0	2561.0	2429.0	2128.0	1360.0	458.0	22.0
	28.0	29.0	30.0	31.0	32.0	33.0	34.0	35.0	36.0	37.0
SRR13060402_1	18.0	540.0	2688.0	4017.0	4910.0	5592.0	6515.0	7512.0	8000.0	4179.0
	24.0	25.0	26.0	27.0	28.0	29.0	30.0	31.0	32.0	33.0	34.0	35.0	36.0	37.0
SRR13060402_2	18.0	587.0	1753.0	2523.0	3402.0	4335.0	5055.0	5687.0	5916.0	5693.0	4795.0	3195.0	968.0	44.0
	28.0	29.0	30.0	31.0	32.0	33.0	34.0	35.0	36.0	37.0	38.0
SRR13060403_1	14.0	363.0	1991.0	3204.0	4070.0	4607.0	5569.0	6257.0	6719.0	3730.0	1.0
	24.0	25.0	26.0	27.0	28.0	29.0	30.0	31.0	32.0	33.0	34.0	35.0	36.0	37.0
SRR13060403_2	13.0	808.0	2077.0	2786.0	3446.0	4133.0	4551.0	4691.0	4447.0	4011.0	3163.0	1892.0	493.0	14.0
	28.0	29.0	30.0	31.0	32.0	33.0	34.0	35.0	36.0	37.0
SRR13060404_1	10.0	330.0	1560.0	2544.0	2838.0	3015.0	3288.0	3192.0	2972.0	1375.0
	24.0	25.0	26.0	27.0	28.0	29.0	30.0	31.0	32.0	33.0	34.0	35.0	36.0	37.0
SRR13060404_2	7.0	277.0	815.0	1252.0	1689.0	2206.0	2646.0	2795.0	2897.0	2691.0	2232.0	1282.0	326.0	9.0
	28.0	29.0	30.0	31.0	32.0	33.0	34.0	35.0	36.0	37.0
SRR13060405_1	9.0	526.0	2446.0	4294.0	5203.0	4954.0	4860.0	5649.0	6191.0	2969.0
	25.0	26.0	27.0	28.0	29.0	30.0	31.0	32.0	33.0	34.0	35.0	36.0	37.0
SRR13060405_2	227.0	736.0	1252.0	1767.0	2625.0	3383.0	4512.0	5062.0	5402.0	5371.0	4477.0	2110.0	177.0
	28.0	29.0	30.0	31.0	32.0	33.0	34.0	35.0	36.0	37.0
SRR13060406_1	20.0	484.0	2383.0	3956.0	4919.0	5165.0	5854.0	6680.0	7500.0	4036.0
	24.0	25.0	26.0	27.0	28.0	29.0	30.0	31.0	32.0	33.0	34.0	35.0	36.0	37.0
SRR13060406_2	14.0	731.0	2130.0	3015.0	3914.0	4512.0	5174.0	5436.0	5170.0	4601.0	3533.0	2145.0	597.0	25.0
	28.0	29.0	30.0	31.0	32.0	33.0	34.0	35.0	36.0	37.0	38.0
SRR13060407_1	20.0	822.0	3530.0	5336.0	6130.0	6907.0	7736.0	8925.0	10205.0	3715.0	1.0
	24.0	25.0	26.0	27.0	28.0	29.0	30.0	31.0	32.0	33.0	34.0	35.0	36.0	37.0
SRR13060407_2	11.0	517.0	1760.0	2720.0	3903.0	5381.0	6478.0	7154.0	7324.0	6908.0	5847.0	3876.0	1365.0	83.0
	28.0	29.0	30.0	31.0	32.0	33.0	34.0	35.0	36.0	37.0	38.0
SRR13060408_1	20.0	595.0	3004.0	4646.0	5407.0	5857.0	6498.0	6976.0	6910.0	3395.0	1.0
	24.0	25.0	26.0	27.0	28.0	29.0	30.0	31.0	32.0	33.0	34.0	35.0	36.0	37.0
SRR13060408_2	10.0	294.0	925.0	1667.0	2452.0	3592.0	4400.0	5295.0	5999.0	6218.0	5770.0	4466.0	2056.0	165.0
	28.0	29.0	30.0	31.0	32.0	33.0	34.0	35.0	36.0	37.0
SRR13060409_1	6.0	631.0	3374.0	5016.0	5582.0	6188.0	6877.0	7279.0	6977.0	2761.0
	24.0	25.0	26.0	27.0	28.0	29.0	30.0	31.0	32.0	33.0	34.0	35.0	36.0	37.0
SRR13060409_2	3.0	201.0	940.0	1731.0	2648.0	3799.0	4958.0	5736.0	6463.0	6307.0	5723.0	4309.0	1736.0	137.0
	28.0	29.0	30.0	31.0	32.0	33.0	34.0	35.0	36.0	37.0
SRR13060410_1	17.0	551.0	2787.0	4398.0	4932.0	5592.0	5979.0	6419.0	6500.0	3313.0
	24.0	25.0	26.0	27.0	28.0	29.0	30.0	31.0	32.0	33.0	34.0	35.0	36.0	37.0
SRR13060410_2	7.0	368.0	1063.0	1570.0	2257.0	2985.0	3929.0	4796.0	5436.0	5795.0	5534.0	4536.0	2053.0	159.0
	28.0	29.0	30.0	31.0	32.0	33.0	34.0	35.0	36.0	37.0	38.0
SRR13060412_1	19.0	652.0	2253.0	2654.0	2794.0	2881.0	2987.0	3070.0	3149.0	1508.0	1.0
	24.0	25.0	26.0	27.0	28.0	29.0	30.0	31.0	32.0	33.0	34.0	35.0	36.0	37.0
SRR13060412_2	2.0	157.0	424.0	679.0	1131.0	1708.0	2229.0	2699.0	3085.0	2942.0	2940.0	2465.0	1382.0	125.0
	28.0	29.0	30.0	31.0	32.0	33.0	34.0	35.0	36.0	37.0	38.0
SRR13060413_1	12.0	413.0	2180.0	3610.0	4586.0	5598.0	6726.0	8242.0	9907.0	5669.0	1.0
	24.0	25.0	26.0	27.0	28.0	29.0	30.0	31.0	32.0	33.0	34.0	35.0	36.0	37.0
SRR13060413_2	24.0	1227.0	3770.0	4928.0	5629.0	6045.0	6023.0	5729.0	5218.0	4041.0	2793.0	1248.0	266.0	3.0
	28.0	29.0	30.0	31.0	32.0	33.0	34.0	35.0	36.0	37.0
SRR13060414_1	13.0	395.0	2037.0	2962.0	3659.0	4286.0	4928.0	5774.0	6504.0	2792.0
	24.0	25.0	26.0	27.0	28.0	29.0	30.0	31.0	32.0	33.0	34.0	35.0	36.0	37.0
SRR13060414_2	3.0	374.0	1120.0	1723.0	2371.0	3071.0	3599.0	4094.0	4576.0	4429.0	3917.0	2869.0	1140.0	64.0
	28.0	29.0	30.0	31.0	32.0	33.0	34.0	35.0	36.0	37.0
SRR13060415_1	14.0	411.0	2080.0	3224.0	4083.0	4969.0	5964.0	6974.0	8133.0	4656.0
	24.0	25.0	26.0	27.0	28.0	29.0	30.0	31.0	32.0	33.0	34.0	35.0	36.0	37.0
SRR13060415_2	41.0	1563.0	3689.0	4537.0	5026.0	5220.0	5030.0	4732.0	4086.0	3249.0	2160.0	984.0	184.0	7.0

