Sample	FastQC_mqc-generalstats-fastqc-percent_duplicates	FastQC_mqc-generalstats-fastqc-percent_gc	FastQC_mqc-generalstats-fastqc-avg_sequence_length	FastQC_mqc-generalstats-fastqc-median_sequence_length	FastQC_mqc-generalstats-fastqc-percent_fails	FastQC_mqc-generalstats-fastqc-total_sequences
SRR13060060_1	96.44518668734344	54.0	230.0	230	40.0	33532.0
SRR13060060_2	88.13670523678874	55.0	150.0	150	50.0	33532.0
SRR13060061_1	97.69779376111201	53.0	230.0	230	40.0	98992.0
SRR13060061_2	92.29129626636495	54.0	150.0	150	40.0	98992.0
SRR13060062_1	95.31378389482333	53.0	230.0	230	40.0	38944.0
SRR13060062_2	88.7248356614626	55.0	150.0	150	30.0	38944.0
SRR13060065_1	94.55518352786557	53.0	230.0	230	40.0	31957.0
SRR13060065_2	86.2846950589855	55.0	150.0	150	40.0	31957.0
SRR13060066_1	96.35812274368232	53.0	230.0	230	40.0	34625.0
SRR13060066_2	88.4274368231047	55.0	150.0	150	40.0	34625.0
SRR13060067_1	96.72768589824517	53.0	230.0	230	40.0	39605.0
SRR13060067_2	85.60787779320793	55.0	150.0	150	30.0	39605.0
SRR13060068_1	96.6567148813507	53.0	230.0	230	30.0	38854.0
SRR13060068_2	87.30889998455757	54.0	150.0	150	40.0	38854.0
SRR13060069_1	97.75499381297507	53.0	230.0	230	40.0	45256.0
SRR13060069_2	90.65317305992576	54.0	150.0	150	40.0	45256.0
SRR13060070_1	97.33545941948604	54.0	230.0	230	40.0	43272.0
SRR13060070_2	92.0017563320392	54.0	150.0	150	30.0	43272.0
SRR13060071_1	97.76487856952228	54.0	230.0	230	40.0	29976.0
SRR13060071_2	86.36575927408593	56.0	150.0	150	50.0	29976.0
SRR13060072_1	96.0944259053269	53.0	230.0	230	40.0	48546.0
SRR13060072_2	87.12973262472707	54.0	150.0	150	40.0	48546.0
SRR13060073_1	96.33200304919062	53.0	230.0	230	40.0	44602.0
SRR13060073_2	86.49836330209408	54.0	150.0	150	40.0	44602.0
SRR13060074_1	97.47568132486535	52.0	230.0	230	40.0	49756.0
SRR13060074_2	89.57512661789534	53.0	150.0	150	30.0	49756.0
SRR13060076_1	96.153088850603	53.0	230.0	230	40.0	40630.0
SRR13060076_2	74.1693330051686	54.0	150.0	150	40.0	40630.0
SRR13060077_1	97.48429648241206	55.0	230.0	230	40.0	31840.0
SRR13060077_2	85.47110552763819	57.0	150.0	150	50.0	31840.0
SRR13060078_1	96.94142463086159	53.0	230.0	230	40.0	49304.0
SRR13060078_2	88.68854453999676	55.0	150.0	150	40.0	49304.0
SRR13060079_1	96.5230078563412	53.0	230.0	230	40.0	44550.0
SRR13060079_2	90.88664421997755	55.0	150.0	150	40.0	44550.0
SRR13060080_1	96.86514604000276	54.0	230.0	230	40.0	43447.0
SRR13060080_2	84.48224273252468	55.0	150.0	150	50.0	43447.0
SRR13060081_1	95.12949439323197	52.0	230.0	230	40.0	50118.0
SRR13060081_2	85.36254439522726	54.0	150.0	150	40.0	50118.0
SRR13060082_1	96.07131332687963	51.0	230.0	230	40.0	37188.0
SRR13060082_2	81.77100139830053	52.0	150.0	150	40.0	37188.0
SRR13060083_1	94.9945817637649	52.0	230.0	230	40.0	38758.0
SRR13060083_2	88.38433355694309	53.0	150.0	150	40.0	38758.0
SRR13060084_1	95.37308330891689	52.0	230.0	230	40.0	40956.0
SRR13060084_2	85.80427776150015	53.0	150.0	150	40.0	40956.0
SRR13060085_1	95.76859921687507	52.0	230.0	230	40.0	31668.0
SRR13060085_2	82.69862321586459	53.0	150.0	150	40.0	31668.0
SRR13060087_1	96.39839279191526	52.0	230.0	230	40.0	41065.0
SRR13060087_2	87.3152319493486	53.0	150.0	150	40.0	41065.0
SRR13060088_1	96.05249288500053	51.0	230.0	230	40.0	37948.0
SRR13060088_2	88.48951196373986	52.0	150.0	150	40.0	37948.0
SRR13060089_1	96.39066466827761	51.0	230.0	230	40.0	32693.0
SRR13060089_2	83.45823264919096	53.0	150.0	150	40.0	32693.0
SRR13060090_1	96.27625306017266	52.0	230.0	230	40.0	38805.0
SRR13060090_2	90.02705836876692	53.0	150.0	150	40.0	38805.0
SRR13060091_1	98.02492897076345	56.0	230.0	230	40.0	43644.0
SRR13060091_2	92.46860965997617	57.0	150.0	150	50.0	43644.0
SRR13060188_1	97.45481808854865	53.0	230.0	230	30.0	50684.0
SRR13060188_2	92.26383079472812	54.0	150.0	150	40.0	50684.0
SRR13060189_1	95.27942174085943	52.0	230.0	230	30.0	42749.0
SRR13060189_2	88.06521789983391	54.0	150.0	150	40.0	42749.0
SRR13060190_1	96.45855033392561	53.0	230.0	230	40.0	16321.0
SRR13060190_2	84.9090129281294	56.0	150.0	150	50.0	16321.0
SRR13060191_1	96.52657489287994	54.0	230.0	230	40.0	21938.0
SRR13060191_2	86.33421460479533	56.0	150.0	150	40.0	21938.0
SRR13060192_1	96.91742649880315	53.0	230.0	230	40.0	54727.0
SRR13060192_2	90.2680578142416	54.0	150.0	150	40.0	54727.0
SRR13060193_1	96.98306234830493	53.0	230.0	230	40.0	38317.0
SRR13060193_2	91.91742568572697	54.0	150.0	150	40.0	38317.0
SRR13060195_1	97.33031104394912	53.0	230.0	230	40.0	47646.0
SRR13060195_2	91.3843764429333	56.0	150.0	150	50.0	47646.0
SRR13060196_1	96.48495270851247	53.0	230.0	230	40.0	58150.0
SRR13060196_2	90.53998280309544	54.0	150.0	150	40.0	58150.0
SRR13060197_1	97.90925266903915	55.0	230.0	230	40.0	29224.0
SRR13060197_2	90.16219545578976	57.0	150.0	150	50.0	29224.0
SRR13060198_1	95.50133651822783	53.0	230.0	230	40.0	35166.0
SRR13060198_2	88.32110561337656	54.0	150.0	150	40.0	35166.0
SRR13060199_1	95.25910907030831	53.0	230.0	230	40.0	33538.0
SRR13060199_2	73.45101079372651	54.0	150.0	150	40.0	33538.0
SRR13060200_1	95.82182246493201	53.0	230.0	230	30.0	46695.0
SRR13060200_2	84.041117892708	54.0	150.0	150	30.0	46695.0
SRR13060201_1	94.55943098230655	52.0	230.0	230	40.0	45271.0
SRR13060201_2	82.69753263678734	53.0	150.0	150	40.0	45271.0
SRR13060202_1	95.3628276691848	52.0	230.0	230	40.0	50699.0
SRR13060202_2	88.53034576618869	54.0	150.0	150	40.0	50699.0
SRR13060203_1	94.71152878675065	52.0	230.0	230	40.0	49693.0
SRR13060203_2	87.45296118165537	53.0	150.0	150	30.0	49693.0
SRR13060204_1	94.32808546527973	51.0	230.0	230	40.0	42684.0
SRR13060204_2	73.88717083684753	53.0	150.0	150	30.0	42684.0
SRR13060206_1	95.44373097290799	53.0	230.0	230	40.0	39089.0
SRR13060206_2	86.60236895290235	54.0	150.0	150	30.0	39089.0
SRR13060207_1	95.73339180004385	53.0	230.0	230	40.0	45610.0
SRR13060207_2	88.16706862530147	54.0	150.0	150	40.0	45610.0
SRR13060208_1	95.63241605655138	52.0	230.0	230	40.0	51493.0
SRR13060208_2	88.29938049832016	53.0	150.0	150	40.0	51493.0
SRR13060209_1	95.10344110614409	52.0	230.0	230	40.0	38476.0
SRR13060209_2	86.22777835533839	54.0	150.0	150	40.0	38476.0
SRR13060210_1	96.18114785671051	53.0	230.0	230	40.0	54519.0
SRR13060210_2	87.68502723821054	54.0	150.0	150	40.0	54519.0
SRR13060211_1	95.47248316389997	53.0	230.0	230	40.0	46626.0
SRR13060211_2	83.0566636640501	54.0	150.0	150	40.0	46626.0
SRR13060212_1	95.33164556962025	52.0	230.0	230	40.0	39500.0
SRR13060212_2	76.07088607594937	54.0	150.0	150	40.0	39500.0
SRR13060213_1	95.51033591731266	53.0	230.0	230	40.0	40248.0
SRR13060213_2	87.18694096601074	54.0	150.0	150	40.0	40248.0
SRR13060214_1	95.13535054510261	52.0	230.0	230	40.0	35131.0
SRR13060214_2	78.95306139876462	54.0	150.0	150	40.0	35131.0
SRR13060215_1	95.43773523154967	53.0	230.0	230	30.0	30555.0
SRR13060215_2	80.15709376534119	54.0	150.0	150	40.0	30555.0
SRR13060217_1	93.7766272987111	52.0	230.0	230	40.0	18543.0
SRR13060217_2	74.32454295421454	54.0	150.0	150	40.0	18543.0
SRR13060218_1	95.76108277755982	52.0	230.0	230	40.0	50980.0
SRR13060218_2	90.0156924284033	54.0	150.0	150	40.0	50980.0
SRR13060219_1	95.65252722249309	52.0	230.0	230	40.0	49224.0
SRR13060219_2	83.66650414431984	54.0	150.0	150	40.0	49224.0
SRR13060221_1	95.35368347933469	52.0	230.0	230	40.0	51826.0
SRR13060221_2	87.34419017481574	53.0	150.0	150	40.0	51826.0
SRR13060222_1	95.78200957637341	53.0	230.0	230	30.0	27359.0
SRR13060222_2	89.2284074710333	54.0	150.0	150	40.0	27359.0
SRR13060223_1	96.02332855160736	52.0	230.0	230	40.0	42523.0
SRR13060223_2	84.18973261529055	53.0	150.0	150	40.0	42523.0
SRR13060224_1	95.61952759112197	52.0	230.0	230	30.0	39288.0
SRR13060224_2	80.6633068621462	54.0	150.0	150	30.0	39288.0
SRR13060225_1	96.07676591446477	52.0	230.0	230	40.0	43561.0
SRR13060225_2	83.09956153440004	53.0	150.0	150	40.0	43561.0
SRR13060226_1	96.2070437030901	53.0	230.0	230	30.0	39837.0
SRR13060226_2	90.67198835253659	54.0	150.0	150	40.0	39837.0
SRR13060228_1	95.51710474177784	52.0	230.0	230	40.0	37855.0
SRR13060228_2	87.21437062475235	54.0	150.0	150	40.0	37855.0
SRR13060229_1	95.18023853129048	53.0	230.0	230	30.0	22387.0
SRR13060229_2	88.60052709161567	54.0	150.0	150	40.0	22387.0
SRR13060230_1	95.04689708338687	52.0	230.0	230	40.0	31132.0
SRR13060230_2	86.66324039573429	53.0	150.0	150	40.0	31132.0
SRR13060231_1	96.2535449524852	52.0	230.0	230	40.0	40198.0
SRR13060231_2	85.41718493457385	54.0	150.0	150	40.0	40198.0
SRR13060232_1	95.53355618410903	52.0	230.0	230	40.0	38890.0
SRR13060232_2	85.60555412702494	53.0	150.0	150	40.0	38890.0
SRR13060233_1	95.33785777515492	53.0	230.0	230	30.0	33890.0
SRR13060233_2	88.43021540277368	54.0	150.0	150	40.0	33890.0
SRR13060234_1	95.27542857142858	53.0	230.0	230	30.0	43750.0
SRR13060234_2	90.25371428571428	54.0	150.0	150	30.0	43750.0
SRR13060235_1	94.95584762295924	53.0	230.0	230	40.0	38956.0
SRR13060235_2	88.95420474381353	54.0	150.0	150	30.0	38956.0
SRR13060236_1	93.68742158478683	52.0	230.0	230	40.0	40649.0
SRR13060236_2	83.09429506260916	54.0	150.0	150	30.0	40649.0
SRR13060237_1	95.1452057618471	53.0	230.0	230	40.0	38807.0
SRR13060237_2	86.39420723065426	54.0	150.0	150	30.0	38807.0
SRR13060240_1	94.90251632731464	52.0	230.0	230	40.0	41648.0
SRR13060240_2	87.12783326930465	53.0	150.0	150	40.0	41648.0
SRR13060241_1	95.21604638042061	53.0	230.0	230	40.0	51401.0
SRR13060241_2	89.42433026594813	54.0	150.0	150	30.0	51401.0
SRR13060242_1	94.26971133132271	52.0	230.0	230	40.0	41778.0
SRR13060242_2	87.40964143807746	53.0	150.0	150	40.0	41778.0
SRR13060243_1	94.85416617781637	53.0	230.0	230	40.0	42617.0
SRR13060243_2	88.58671422202407	54.0	150.0	150	30.0	42617.0
SRR13060244_1	94.31621918668552	52.0	230.0	230	40.0	44583.0
SRR13060244_2	82.74454388444026	54.0	150.0	150	30.0	44583.0
SRR13060245_1	94.67372036339464	53.0	230.0	230	40.0	36104.0
SRR13060245_2	87.74927985818746	54.0	150.0	150	30.0	36104.0
SRR13060246_1	94.01886877623798	52.0	230.0	230	40.0	44306.0
SRR13060246_2	78.57175100437864	54.0	150.0	150	30.0	44306.0
SRR13060313_1	96.48286560428713	54.0	230.0	230	40.0	35455.0
SRR13060313_2	85.90043717388238	55.0	150.0	150	50.0	35455.0
SRR13060314_1	95.62854193439652	52.0	230.0	230	40.0	47467.0
SRR13060314_2	82.30981524006151	54.0	150.0	150	40.0	47467.0
SRR13060315_1	95.54413295071112	52.0	230.0	230	40.0	31711.0
SRR13060315_2	83.21402667843967	54.0	150.0	150	40.0	31711.0
SRR13060316_1	98.40121021564381	56.0	230.0	230	40.0	33713.0
SRR13060316_2	91.51662563402841	57.0	150.0	150	50.0	33713.0
SRR13060317_1	96.95804435899197	54.0	230.0	230	40.0	14563.0
SRR13060317_2	84.15848382888142	54.0	150.0	150	50.0	14563.0
SRR13060318_1	94.69949663411971	55.0	230.0	230	40.0	16489.0
SRR13060318_2	86.00278973861361	57.0	150.0	150	30.0	16489.0
SRR13060319_1	95.4206930510248	55.0	230.0	230	40.0	32494.0
SRR13060319_2	89.36726780328677	56.0	150.0	150	40.0	32494.0
SRR13060320_1	96.8565815324165	54.0	230.0	230	40.0	31558.0
SRR13060320_2	90.82007731795424	55.0	150.0	150	40.0	31558.0
SRR13060322_1	97.45272698859196	55.0	230.0	230	40.0	31995.0
SRR13060322_2	90.41725269573371	56.0	150.0	150	50.0	31995.0
SRR13060323_1	97.58474576271186	54.0	230.0	230	40.0	28320.0
SRR13060323_2	89.39971751412429	56.0	150.0	150	50.0	28320.0
SRR13060324_1	95.41171733440709	52.0	230.0	230	30.0	49670.0
SRR13060324_2	87.14717133078317	53.0	150.0	150	40.0	49670.0
SRR13060325_1	97.23565754633715	52.0	230.0	230	40.0	28325.0
SRR13060325_2	90.1747572815534	54.0	150.0	150	40.0	28325.0
SRR13060326_1	98.0387202728737	53.0	230.0	230	40.0	31663.0
SRR13060326_2	90.76840476265673	54.0	150.0	150	40.0	31663.0
SRR13060327_1	95.71393508007608	53.0	230.0	230	40.0	32594.0
SRR13060327_2	91.03209179603608	54.0	150.0	150	40.0	32594.0
SRR13060328_1	94.60459797785268	52.0	230.0	230	40.0	33232.0
SRR13060328_2	81.21389022628792	53.0	150.0	150	40.0	33232.0
SRR13060329_1	96.48176180477563	53.0	230.0	230	40.0	40958.0
SRR13060329_2	84.85521753991894	55.0	150.0	150	40.0	40958.0
SRR13060330_1	97.84169701458758	53.0	230.0	230	40.0	48603.0
SRR13060330_2	90.85241651749892	54.0	150.0	150	40.0	48603.0
SRR13060331_1	96.01703836079218	53.0	230.0	230	30.0	40849.0
SRR13060331_2	76.97373252711205	56.0	150.0	150	30.0	40849.0
SRR13060333_1	96.10824417872875	54.0	230.0	230	30.0	39725.0
SRR13060333_2	85.39458779106356	56.0	150.0	150	40.0	39725.0
SRR13060334_1	94.58207373090966	53.0	230.0	230	40.0	25471.0
SRR13060334_2	86.87526991480507	54.0	150.0	150	30.0	25471.0
SRR13060335_1	98.13093453273363	54.0	230.0	230	40.0	40020.0
SRR13060335_2	89.09545227386307	56.0	150.0	150	40.0	40020.0
SRR13060336_1	96.71282845206031	53.0	230.0	230	40.0	47153.0
SRR13060336_2	88.15769940406761	55.0	150.0	150	50.0	47153.0
SRR13060337_1	95.27975884126167	53.0	230.0	230	40.0	40803.0
SRR13060337_2	88.46653432345661	54.0	150.0	150	40.0	40803.0
SRR13060338_1	96.31394650146075	52.0	230.0	230	40.0	48263.0
SRR13060338_2	88.24151005946584	54.0	150.0	150	40.0	48263.0
SRR13060339_1	97.89278064759985	56.0	230.0	230	40.0	31748.0
SRR13060339_2	92.4152702532443	57.0	150.0	150	50.0	31748.0
SRR13060340_1	95.47572905131045	53.0	230.0	230	40.0	43344.0
SRR13060340_2	89.06653746770026	54.0	150.0	150	40.0	43344.0
SRR13060341_1	95.46184652945837	52.0	230.0	230	40.0	46693.0
SRR13060341_2	85.78159467157818	54.0	150.0	150	30.0	46693.0
SRR13060342_1	95.76387526966072	53.0	230.0	230	40.0	50990.0
SRR13060342_2	88.93900764855854	54.0	150.0	150	40.0	50990.0
SRR13060344_1	96.33990273867417	52.0	230.0	230	40.0	42977.0
SRR13060344_2	84.60804616422737	55.0	150.0	150	50.0	42977.0
SRR13060345_1	97.21257419213013	53.0	230.0	230	40.0	22745.0
SRR13060345_2	91.02659925258298	55.0	150.0	150	40.0	22745.0
SRR13060346_1	96.02853287063813	53.0	230.0	230	40.0	41496.0
SRR13060346_2	86.79390784653943	54.0	150.0	150	40.0	41496.0
SRR13060347_1	95.3839604281544	52.0	230.0	230	40.0	49328.0
SRR13060347_2	84.14085306519624	54.0	150.0	150	30.0	49328.0
SRR13060348_1	95.78252544593369	52.0	230.0	230	40.0	39692.0
SRR13060348_2	85.80066512143505	54.0	150.0	150	40.0	39692.0
SRR13060349_1	96.07190137349	53.0	230.0	230	30.0	48344.0
SRR13060349_2	88.63974846930333	54.0	150.0	150	30.0	48344.0
SRR13060350_1	97.3906891184378	55.0	230.0	230	40.0	35335.0
SRR13060350_2	91.49002405546908	56.0	150.0	150	50.0	35335.0
SRR13060351_1	96.61121748843146	52.0	230.0	230	40.0	50136.0
SRR13060351_2	82.35998085208234	54.0	150.0	150	40.0	50136.0
SRR13060352_1	96.82553737852257	53.0	230.0	230	40.0	45173.0
SRR13060352_2	86.07353950368584	54.0	150.0	150	50.0	45173.0
SRR13060353_1	96.96400316455696	53.0	230.0	230	40.0	50560.0
SRR13060353_2	90.06724683544304	54.0	150.0	150	40.0	50560.0
SRR13060355_1	95.28567839897283	52.0	230.0	230	40.0	35827.0
SRR13060355_2	84.66798783040724	54.0	150.0	150	30.0	35827.0
SRR13060356_1	96.30965168022097	52.0	230.0	230	40.0	52136.0
SRR13060356_2	88.89826607334663	53.0	150.0	150	40.0	52136.0
SRR13060357_1	93.92589224823824	51.0	230.0	230	40.0	21995.0
SRR13060357_2	86.20140941122983	53.0	150.0	150	40.0	21995.0
SRR13060358_1	94.29785107446277	52.0	230.0	230	40.0	40020.0
SRR13060358_2	80.69465267366317	53.0	150.0	150	30.0	40020.0
SRR13060359_1	96.04666816244111	51.0	230.0	230	40.0	44570.0
SRR13060359_2	92.04173210679829	52.0	150.0	150	40.0	44570.0
SRR13060360_1	95.20528814821711	53.0	230.0	230	40.0	53705.0
SRR13060360_2	89.35480867703194	54.0	150.0	150	40.0	53705.0
SRR13060361_1	96.79190908596595	53.0	230.0	230	40.0	18391.0
SRR13060361_2	87.6841933554456	55.0	150.0	150	50.0	18391.0
SRR13060362_1	97.12591909839328	53.0	230.0	230	40.0	47737.0
SRR13060362_2	89.17192115130821	56.0	150.0	150	50.0	47737.0
SRR13060363_1	96.76716707932428	54.0	230.0	230	40.0	63814.0
SRR13060363_2	90.81862914094086	55.0	150.0	150	40.0	63814.0
SRR13060364_1	96.16958804164072	53.0	230.0	230	30.0	44956.0
SRR13060364_2	91.08684046623365	54.0	150.0	150	40.0	44956.0
SRR13060366_1	96.40747633303666	53.0	230.0	230	30.0	49436.0
SRR13060366_2	86.72020389999192	54.0	150.0	150	30.0	49436.0
SRR13060367_1	96.03291283315944	53.0	230.0	230	30.0	42172.0
SRR13060367_2	87.50118562079105	54.0	150.0	150	40.0	42172.0
SRR13060368_1	97.7609751328097	56.0	230.0	230	40.0	30683.0
SRR13060368_2	87.29589675064368	58.0	150.0	150	50.0	30683.0
SRR13060369_1	96.55437352245863	52.0	230.0	230	40.0	50760.0
SRR13060369_2	90.1418439716312	54.0	150.0	150	40.0	50760.0
SRR13060370_1	96.0015064967673	53.0	230.0	230	40.0	31862.0
SRR13060370_2	87.20419308266901	54.0	150.0	150	40.0	31862.0
SRR13060371_1	97.69816292175949	55.0	230.0	230	40.0	27326.0
SRR13060371_2	86.56956744492425	56.0	150.0	150	50.0	27326.0
SRR13060372_1	96.68093467125114	52.0	230.0	230	40.0	42753.0
SRR13060372_2	83.20117886464108	53.0	150.0	150	40.0	42753.0
SRR13060373_1	95.92538221919868	52.0	230.0	230	40.0	27929.0
SRR13060373_2	71.31655268717104	55.0	150.0	150	30.0	27929.0
SRR13060374_1	97.17692048138566	53.0	230.0	230	40.0	44455.0
SRR13060374_2	90.7771904172759	54.0	150.0	150	30.0	44455.0
SRR13060377_1	98.5064282496448	57.0	230.0	230	40.0	28857.0
SRR13060377_2	85.86131614512944	58.0	150.0	150	40.0	28857.0
SRR13060378_1	95.40286702916461	52.0	230.0	230	40.0	42483.0
SRR13060378_2	87.13367700021185	53.0	150.0	150	40.0	42483.0
SRR13060379_1	97.01900687713218	53.0	230.0	230	40.0	36934.0
SRR13060379_2	90.91081388422592	54.0	150.0	150	40.0	36934.0
SRR13060380_1	93.9507244441477	52.0	230.0	230	40.0	14977.0
SRR13060380_2	86.29899178740736	53.0	150.0	150	40.0	14977.0
SRR13060381_1	97.29432531759123	55.0	230.0	230	40.0	34557.0
SRR13060381_2	90.98301357177996	57.0	150.0	150	50.0	34557.0
SRR13060382_1	96.462195002769	50.0	230.0	230	40.0	30697.0
SRR13060382_2	87.57859074176629	51.0	150.0	150	40.0	30697.0
SRR13060383_1	95.01189794873339	54.0	230.0	230	40.0	33199.0
SRR13060383_2	87.72854604054339	56.0	150.0	150	40.0	33199.0
SRR13060384_1	94.987968591692	53.0	230.0	230	40.0	31584.0
SRR13060384_2	84.375	54.0	150.0	150	40.0	31584.0
SRR13060385_1	95.4421824775406	52.0	230.0	230	40.0	48532.0
SRR13060385_2	91.06980961015412	55.0	150.0	150	40.0	48532.0
SRR13060386_1	95.63765022137888	53.0	230.0	230	40.0	50592.0
SRR13060386_2	90.58349146110056	54.0	150.0	150	40.0	50592.0
SRR13060387_1	95.70665511765554	52.0	230.0	230	40.0	34635.0
SRR13060387_2	86.94673018622781	55.0	150.0	150	40.0	34635.0
SRR13060388_1	98.73075322513525	56.0	230.0	230	40.0	28836.0
SRR13060388_2	89.44375086697184	58.0	150.0	150	40.0	28836.0
SRR13060390_1	94.26552084169946	53.0	230.0	230	40.0	24902.0
SRR13060390_2	80.92924263111396	54.0	150.0	150	40.0	24902.0
SRR13060391_1	95.34893387090071	52.0	230.0	230	30.0	48118.0
SRR13060391_2	87.72185045097469	54.0	150.0	150	40.0	48118.0
SRR13060392_1	96.00318788603307	52.0	230.0	230	30.0	50190.0
SRR13060392_2	83.46084877465631	54.0	150.0	150	40.0	50190.0
SRR13060393_1	95.0535522619836	52.0	230.0	230	40.0	43789.0
SRR13060393_2	82.30605859919157	53.0	150.0	150	30.0	43789.0
SRR13060394_1	96.38065307109184	52.0	230.0	230	40.0	57911.0
SRR13060394_2	88.73443732624199	53.0	150.0	150	40.0	57911.0
SRR13060395_1	96.63622330846411	52.0	230.0	230	40.0	31096.0
SRR13060395_2	80.20967326987395	54.0	150.0	150	40.0	31096.0
SRR13060396_1	96.32607909460293	53.0	230.0	230	40.0	47007.0
SRR13060396_2	88.61446167592061	54.0	150.0	150	40.0	47007.0
SRR13060397_1	96.45702147029816	53.0	230.0	230	40.0	39543.0
SRR13060397_2	88.15972485648534	55.0	150.0	150	30.0	39543.0
SRR13060398_1	96.73972728104695	53.0	230.0	230	40.0	43708.0
SRR13060398_2	90.98334401024984	55.0	150.0	150	40.0	43708.0
SRR13060399_1	96.97369919162017	52.0	230.0	230	30.0	43915.0
SRR13060399_2	92.7245815780485	54.0	150.0	150	40.0	43915.0
SRR13060401_1	97.0533566586486	54.0	230.0	230	40.0	18292.0
SRR13060401_2	88.25169472993659	56.0	150.0	150	50.0	18292.0
SRR13060402_1	96.46812671988356	53.0	230.0	230	40.0	43971.0
SRR13060402_2	87.56680539446454	54.0	150.0	150	40.0	43971.0
SRR13060403_1	95.44147843942505	52.0	230.0	230	40.0	36525.0
SRR13060403_2	81.4072553045859	54.0	150.0	150	40.0	36525.0
SRR13060404_1	94.82579056996781	52.0	230.0	230	30.0	21124.0
SRR13060404_2	82.4607081992047	53.0	150.0	150	40.0	21124.0
SRR13060405_1	95.43947602490499	53.0	230.0	230	40.0	37101.0
SRR13060405_2	89.71456294978572	54.0	150.0	150	40.0	37101.0
SRR13060406_1	95.00207332243822	53.0	230.0	230	30.0	40997.0
SRR13060406_2	82.14747420542966	54.0	150.0	150	40.0	40997.0
SRR13060407_1	96.80649577137285	53.0	230.0	230	40.0	53327.0
SRR13060407_2	87.93481725954958	54.0	150.0	150	40.0	53327.0
SRR13060408_1	95.65217391304348	53.0	230.0	230	40.0	43309.0
SRR13060408_2	88.4804544090143	55.0	150.0	150	40.0	43309.0
SRR13060409_1	96.16925107963573	54.0	230.0	230	40.0	44691.0
SRR13060409_2	90.36942561142064	56.0	150.0	150	40.0	44691.0
SRR13060410_1	95.66785220312191	52.0	230.0	230	40.0	40488.0
SRR13060410_2	88.17674372653626	53.0	150.0	150	40.0	40488.0
SRR13060412_1	97.33703568827386	51.0	230.0	230	40.0	21968.0
SRR13060412_2	91.37836853605243	52.0	150.0	150	40.0	21968.0
SRR13060413_1	96.25724267211997	52.0	230.0	230	40.0	46944.0
SRR13060413_2	82.7390081799591	55.0	150.0	150	50.0	46944.0
SRR13060414_1	97.22638680659671	53.0	230.0	230	40.0	33350.0
SRR13060414_2	89.15742128935533	53.0	150.0	150	40.0	33350.0
SRR13060415_1	96.28962180310062	52.0	230.0	230	40.0	40508.0
SRR13060415_2	77.55998815048879	54.0	150.0	150	30.0	40508.0
